1612
443
419
1687
17
2242
1210
4869
312
2435
182
7440
4352
1197
904
588
8048
1837
492
1504
416
4530
5863
102
5560
3764
725
680
985
101
6005
1484
1315
7233
3322
694
2654
1304
5544
638
3738
1870
4618
715
7880
8040
39
1059
5489
27
6875
327
4935
600
1526
1947
5654
3498
7743
2788
7990
4726
6713
384
506
5139
4073
6678
446
3210
2408
554
413
5486
4207
342
328
7272
4459
590
3897
532
444
4702
114
5023
4690
1530
388
4011
5172
1923
6499
2
286
6080
160
552
4113
320
294
682
480
7296
4595
7273
587
4109
4384
7091
3936
3041
284
8201
3520
260
2531
1805
5798
5569
2020
642
1408
1296
1872
5865
2035
4602
2660
3664
430
6789
7392
7424
7997
1002
6167
1000
7359
6210
5427
1602
6508
2604
3203
7889
3660
7269
7261
7404
1709
627
4093
4062
4576
1806
1658
468
5876
3495
811
4977
6568
4627
5653
300
469
7442
6746
74
7888
4786
2862
4076
4682
4812
411
2559
2247
133
5350
2955
2237
2244
434
349
598
269
3544
3749
688
6078
3244
5443
1485
6722
4056
2117
119
766
7287
6048
3044
1727
8077
5057
1951
306
8279
889
4263
3094
410
196
2477
909
5601
7746
855
4041
4968
3733
3745
1925
1113
1637
6994
4202
391
460
2092
169
2595
243
932
1886
8095
4351
4261
6935
7263
5551
104
1632
7978
5603
2947
7334
5476
5490
8117
387
7874
672
2931
4658
1301
991
8062
5984
607
3513
6569
7172
3215
4022
2336
2004
366
252
2241
4654
1649
7354
3648
3982
3853
2965
5150
354
7161
5639
177
227
1209
684
3081
547
753
5431
3027
1011
2546
7972
4256
251
475
5762
6184
2492
149
33
525
7278
2898
425
582
1636
3458
423
4520
5604
192
5870
1365
6489
3144
7508
6223
5234
512
4882
1668
5599
3509
7456
223
5566
369
7853
4655
2379
228
5637
1679
1025
6281
2764
4591
7363
524
6519
714
7179
2926
7758
5828
8074
3076
3746
7400
168
4350
5136
4183
1652
4017
2176
2674
2439
7212
7066
1212
7871
1390
4806
6431
1437
2486
2370
3321
937
2761
493
602
1807
3994
4401
8003
606
5545
2873
72
878
2964
5015
2483
4364
7470
279
4060
7214
2003
3550
375
6019
7864
1952
427
6987
7327
7150
621
1907
3956
3564
6525
1150
574
210
687
7315
520
2678
48
1588
3131
950
38
1715
4006
46
7304
5605
6378
6714
5406
1083
1647
7454
8013
30
1316
544
148
1154
7451
7199
7184
907
555
3665
6772
231
83
617
5448
1449
601
3386
1862
1538
1540
7903
4321
7667
5305
4828
4416
4179
3754
4559
6899
5797
5436
1937
174
4119
7842
4
3575
5170
5344
4613
372
2783
2525
2951
799
3483
1825
2429
2508
1010
4135
212
4124
1604
470
4796
746
2258
6058
5908
5151
1893
1616
1830
1444
171
5235
2524
2552
200
890
1402
6851
701
536
282
1656
1795
6808
5363
7875
1184
3834
2613
2544
5739
750
356
2362
5646
3578
517
934
803
1323
452
8004
3338
1394
3657
629
5996
5814
8144
3652
7089
7771
1172
3198
6653
5337
5357
1393
7963
5287
4024
6780
3753
167
4571
3782
3572
997
6408
951
7806
240
3138
1654
6978
96
3048
2930
1168
405
1192
5775
5254
6483
471
6982
2194
6021
7258
292
217
4509
3448
2159
6788
615
5598
6742
7362
5940
5961
1412
1877
1851
1305
2010
3352
6066
2908
7056
249
3427
154
3818
6724
5001
6512
4687
3931
66
6003
592
7449
7417
89
1580
158
1092
4226
2208
3177
5232
835
6140
137
3946
3408
7914
4203
6493
6652
4170
5206
7068
541
3880
1611
4455
3857
365
4220
2280
608
7488
3220
81
6361
622
1336
2424
3417
2576
7174
4525
1005
6743
5277
5559
5042
172
4086
4107
1956
3143
7445
8019
5274
5693
3924
6520
1928
7
545
1509
2331
6301
2124
1332
3569
494
1816
5424
6364
2575
527
2347
1488
6151
2653
4822
5184
4190
6174
4342
383
741
36
3711
5433
2436
3136
3359
4810
5319
125
6070
3666
340
7385
6617
8142
7297
8064
5049
7633
5402
7198
6820
5991
5792
4082
8024
5956
5380
2593
1784
5507
7737
3382
535
6358
4517
6575
2283
5864
2728
4078
330
709
2910
6372
5465
2197
7839
34
5481
3974
6340
3739
4239
3650
6096
6228
4315
3492
1849
2868
3953
4487
2592
518
450
2826
5616
7335
3935
885
3148
3773
45
7460
7693
3904
8001
6047
572
6687
560
238
1291
4208
6374
7458
4959
8215
5539
1455
3649
4605
6225
548
464
2134
5164
368
6277
2313
4955
1038
4167
466
267
5724
132
8049
229
1245
2414
1232
3556
5530
1739
4002
4838
3511
1454
6336
942
4478
5169
5257
4138
2288
8246
147
7465
32
2189
7549
2076
1073
7436
4999
1494
2641
6561
4565
1629
7240
1743
4474
7745
984
6410
6510
2400
3916
221
5307
678
8025
3808
2769
1114
462
139
3700
5410
1904
7718
847
1123
4950
5937
994
5708
3972
2255
1590
571
2558
4029
3765
108
3854
4516
7054
1662
4616
4653
3176
5663
3921
55
565
7736
4211
189
336
3075
2796
3337
4515
2638
4452
8029
110
4036
1660
7790
539
127
6294
6881
6576
4952
350
6953
1573
476
603
6666
6908
6105
2315
940
6129
5155
216
3833
957
3706
5554
1684
837
2522
2956
360
2289
6852
5771
6097
118
2314
4345
4703
3879
489
1375
2679
7384
399
7060
561
2341
8173
150
1817
4156
7557
3191
7578
6872
3769
3670
8264
3454
8113
128
7117
273
6450
4421
597
596
4230
3190
5824
84
3708
2894
1860
6367
5647
2984
272
2629
1503
2874
6517
363
5883
2201
1099
6949
7202
595
403
3830
1974
1456
732
1731
6131
2471
61
4876
5923
6592
5649
6511
4943
671
7843
8183
7366
4121
2993
4523
2383
6194
3900
6669
146
4568
549
334
3154
8118
3364
6029
3944
6309
7275
4154
1067
1077
6732
7167
2904
239
722
5912
1701
1799
8122
5867
1936
1138
6136
1403
6305
6896
5760
3489
3822
4032
3197
6176
8199
580
2928
619
5500
1871
6550
1188
3178
7063
2504
5711
7041
4962
7602
3905
6190
2936
4712
751
3752
3637
1054
2179
474
100
1561
99
526
3050
5063
7859
1450
1943
82
5582
5752
4404
4886
3289
5903
4304
8153
188
6161
461
3965
4714
1633
431
7879
7571
4464
277
6778
2768
65
7444
8255
7646
435
7331
4394
780
7158
310
4802
1605
1589
1838
4381
3403
6286
4125
6325
2321
5251
7626
4637
335
7837
7405
5830
8089
232
2323
5977
358
6304
2877
6604
1676
4147
87
578
2173
5103
2661
1432
123
3218
7534
4268
2924
503
281
4161
1012
447
5395
550
6906
3375
559
4013
1362
3402
7628
4039
3478
2040
528
3004
2428
3409
5868
540
712
529
1831
1854
5749
7563
4422
6883
193
3047
7461
3471
5322
3894
4488
3659
6708
8054
1899
7924
1833
5700
333
2335
2989
26
787
49
508
4309
568
1650
4430
6030
429
2376
613
5457
345
187
1783
8293
1792
7916
2462
1716
316
6918
5316
3155
488
4594
218
6126
6938
5619
23
4584
8294
482
531
1766
2326
353
409
6108
8224
3415
4793
31
7706
4105
3869
4265
7873
374
3640
1058
2635
5047
4402
1585
5643
4150
833
3868
93
1774
5684
5917
5853
1483
646
7572
208
364
4157
7205
126
3072
8265
944
6414
2781
124
6612
2275
6026
8266
3323
298
6822
140
483
4746
6530
553
1868
2792
4843
2121
6910
768
2520
2551
440
436
5690
3888
2490
2946
2297
3592
558
1733
1842
5730
2782
7137
397
5372
3735
5030
290
757
7989
1935
7617
1277
47
1704
6891
2358
628
3103
5241
7228
1905
1772
8288
5759
4376
6148
6926
142
3368
3623
7933
459
2539
321
8098
1803
7104
3170
740
6165
1858
3325
1389
2620
2610
783
5485
442
5175
3248
591
6890
7044
1954
6338
3199
7476
4881
2453
2051
3837
830
7425
308
7416
1827
3437
8178
1407
5331
4762
2819
7074
5825
4538
4825
5138
2405
4720
1524
12
2115
351
7120
7729
6537
4100
458
2071
543
898
2155
1617
7641
5367
5091
2529
8257
3743
696
457
1914
3122
5618
28
6827
1934
438
7267
4551
4585
5077
697
2120
8302
14
1406
5579
5494
4811
3805
3557
5600
6473
7862
1371
3579
3045
4919
6375
4491
2790
477
4569
2985
7192
906
141
5574
6193
7234
537
3955
5090
3680
4581
1558
718
2628
3535
6911
7051
658
2077
2615
7289
3162
7826
2540
8282
7181
4573
3314
2022
969
7712
1229
1790
5808
414
4715
6106
4858
2669
3433
2869
865
8
1357
2605
3613
5002
3292
1546
4442
1308
2817
5013
5181
5888
2917
463
103
6393
117
1205
1060
1196
4711
1007
534
589
7694
5067
8082
8162
6356
8092
1576
7486
1491
515
1166
332
7338
752
7312
4704
2295
7707
1213
7446
6468
6600
1505
5212
5755
2518
5561
3895
3057
211
319
4332
8222
428
7247
4907
3049
1984
2351
5403
2805
322
8195
2282
2865
679
394
1964
5149
401
5666
7468
395
7886
4823
3500
5993
3115
562
5932
5819
8270
323
420
481
392
250
80
143
521
352
614
71
472
6445
3960
355
456
5152
6477
5352
1481
324
1970
317
5668
636
4761
204
3299
3079
6602
8076
516
5990
8006
3188
4724
1400
6089
903
5519
2465
6369
5630
5005
441
2932
530
581
8196
501
4700
6011
5145
408
8179
1661
1287
1247
6657
6441
7133
4794
8063
6
6121
7062
175
6244
8075
2493
1531
5496
1810
2885
4510
6951
576
1823
4259
6421
144
5892
2795
1028
4015
1442
3817
4028
4572
7899
1097
3490
3104
983
2322
6680
2640
3949
4346
6631
4665
361
6701
3233
7624
6348
7726
2712
1897
5117
2148
4139
16
5538
1778
1246
3872
3033
8099
564
1706
4462
4893
7320
921
2083
2259
3169
1361
5938
4088
1047
920
8278
738
873
6721
2008
5278
7943
29
4953
7232
5706
2407
2937
6590
5423
5973
3373
3205
190
5073
3610
5189
4974
4200
3404
5332
6086
1915
4466
6395
6782
230
641
7683
3017
6843
5552
6423
4227
566
745
7175
6479
7744
2231
7747
185
8036
266
3686
7627
7848
7136
1764
7516
987
7078
5162
289
7759
6318
7406
5263
3980
8281
5587
4169
2093
4481
2308
5878
3135
7291
7093
7795
4807
3636
1409
90
7463
538
3034
2634
8105
6956
2141
3309
6931
6251
1271
95
6781
7401
8192
7483
2381
933
455
1275
6800
4980
432
285
4670
5733
5375
5160
575
5800
1174
6633
6054
1752
1057
2707
7017
7817
6900
3860
7762
6790
4597
2154
4586
7266
7559
5837
5497
3811
1310
3725
4697
4532
1737
3688
7242
3354
1959
3100
7777
4122
819
7277
2399
6801
6594
8111
4913
5101
7399
6368
5812
3723
78
1353
3167
3529
6541
1255
1949
7325
3430
857
3747
4067
616
842
6342
2126
3214
4797
5238
2756
4023
5810
800
1170
7807
4490
7203
2098
3846
7058
7527
1999
1717
3802
1053
1501
184
4241
7126
1492
113
6643
6757
7409
2963
6796
6955
94
1552
7395
7358
2585
6870
5398
4979
2740
2934
2758
7593
7558
3726
967
1115
7782
4887
2080
1088
5267
4922
7957
2887
1102
7085
4449
1117
6738
1548
1201
1069
8160
7900
5479
1385
7073
7640
1189
3933
2290
4357
556
6254
4369
4818
3941
2420
1056
4548
4709
7672
179
2760
7854
7850
1078
6250
6045
4985
2815
3090
6204
7876
1292
6388
8034
5860
2733
41
502
3779
8094
7971
5791
1128
5438
1
5901
5373
8256
1646
4019
5887
5126
1628
1415
5529
4625
1520
692
1463
5550
6941
820
4087
1606
1883
6077
2214
380
3647
7168
1048
4552
6031
226
1302
3826
490
8274
6831
51
268
2451
5239
1297
318
2174
7083
6463
2785
5345
6110
7437
4094
6103
1906
8231
4103
7285
5147
7280
5677
2277
2015
3287
7952
2487
3132
0
5087
6079
6601
4706
1273
620
3279
7351
1788
4275
5518
4650
62
1592
6802
7509
64
7904
930
5141
604
7652
6829
7779
6311
767
2757
7254
4639
4840
6222
3848
6044
4891
8124
896
7415
6390
4168
359
509
4579
3381
5300
2656
3406
7587
8010
6169
3001
1480
5463
4317
1420
5506
5687
3962
86
605
5546
5432
618
7324
5879
1176
5386
303
4470
4502
2045
155
5572
4066
3696
7135
5016
151
3243
5756
4965
1996
6762
4733
7565
4306
237
3959
5874
68
6984
473
3534
3120
4534
5265
8307
7740
402
3275
4463
2404
337
44
297
1087
2454
5484
254
5609
1462
7080
5509
1909
5625
2207
7733
599
264
2340
390
4689
5130
6545
832
3655
379
2371
6769
5999
116
130
3149
4058
1765
343
2909
194
1742
2998
4912
496
224
305
257
1228
326
287
341
5426
510
134
533
7459
3022
609
421
485
756
225
370
6173
2447
511
173
449
209
213
424
362
570
563
98
339
454
484
495
389
8067
201
241
486
3
5807
7932
5060
6779
5027
7473
593
1555
1948
6989
3828
4535
683
7536
2136
3989
8158
1564
6128
7092
6484
7497
52
7475
4528
5385
785
4034
7127
3499
1063
5159
3370
816
2820
5456
404
1036
8249
720
7985
6188
2337
6811
2285
3326
7245
5311
2808
8304
4582
992
1873
8234
2573
513
3179
1161
6139
1180
3825
1120
6433
611
4417
2480
183
6142
4820
6112
2349
874
3574
1698
5783
2550
6215
6500
3295
5022
839
3030
235
2945
2840
4555
4954
1960
717
5464
8230
3207
3055
1171
7708
2793
6144
2994
2618
1789
6709
729
5644
7457
180
1216
7866
3367
4624
3157
5972
5528
5555
7119
2824
790
2631
1770
7656
275
3429
7605
4371
3377
612
8174
7453
1084
8014
4339
2293
2202
3234
1618
6339
7469
8069
5470
6237
2711
111
3766
6405
7015
1971
2847
8050
2133
4921
5796
4556
4396
5942
1850
1961
451
3006
6162
4608
3906
5408
1252
5031
1911
777
2062
4038
5978
8163
1314
8170
5487
5779
3898
645
7926
6332
2382
3085
631
2523
2803
4505
6130
7219
5437
2402
8291
4425
453
2745
2997
197
1340
6154
1029
242
4875
4284
5165
7065
6579
8301
3251
7257
817
7139
4892
1895
2935
3744
6747
966
6663
1248
3815
3803
7294
4071
5480
7491
6221
6195
3168
2088
2034
4003
2065
2659
1042
1664
1600
5782
7623
4344
1451
2900
4210
4320
2263
7552
4218
1300
3620
6971
1242
2907
3821
7998
798
5588
3086
668
3502
2359
7433
4095
5565
7861
4149
3428
4165
1853
8209
7716
280
1839
4942
7239
3383
852
1379
7784
625
2395
4415
5458
4607
19
7434
3867
4547
4850
7217
2961
5597
1896
1622
1331
815
4975
2643
3607
3463
6239
1754
7227
4500
6518
1052
761
639
5839
901
2147
5936
3672
7176
5947
5409
2240
5359
4933
1027
165
4967
6886
5743
346
7268
7725
736
4932
784
2221
3397
3084
7164
4069
6115
8041
1364
6529
4562
7648
3192
4885
3107
1711
4083
5785
1378
4280
1979
8139
4868
5633
952
6313
3219
1026
6704
4931
7996
7665
7869
7145
5998
7165
6102
864
988
6056
8213
4923
7767
2954
1683
5003
3609
1758
8207
3007
2132
1284
7474
2175
2397
3838
2473
5179
4717
157
7749
4322
5803
3117
4799
7166
5272
2543
5816
7364
4992
465
7274
7502
8009
2925
7705
4279
7182
2967
302
5850
4723
3668
2599
3445
7699
6622
7728
3947
5082
1139
5144
3005
2568
2303
5891
2673
5931
1190
5586
3727
6357
3266
5075
7949
2138
655
2516
7676
1086
866
3530
6623
422
5192
2835
828
4856
4743
7833
4752
1994
3622
5737
4486
6012
7412
5702
2302
4224
3599
551
2469
6849
6566
1295
6944
3685
1352
220
6081
3553
2655
708
888
5376
1091
774
1283
5462
5204
4643
6963
4947
1645
6711
703
3930
4926
1957
4537
6885
7377
3570
3885
1219
5389
6344
5217
6764
6784
3832
6098
2272
79
7680
2218
4097
5802
1513
891
3543
3232
4857
8203
1064
2099
2352
4969
4140
5866
3674
6363
4813
8284
6323
2113
7981
2802
259
7931
2859
2561
2368
2375
1677
6061
7430
415
2719
73
5089
7033
5353
7788
2611
1288
5955
3449
6861
3305
5945
3742
7024
5520
542
6157
4159
5024
4072
8280
8248
2767
1933
2743
7868
2642
1137
37
7682
5229
6064
4180
7314
3083
6551
6942
3202
1031
7883
6118
5729
7901
6591
3774
7980
6603
8197
6641
4676
3849
6735
7655
5549
1278
2606
2801
5195
2949
623
1367
7111
5781
4489
7499
6168
1579
4504
2369
2260
7890
6915
4925
4395
3036
2617
6734
2670
5510
1836
3804
4112
4120
4844
3614
7147
4656
2296
3196
1401
3268
3732
5499
6516
2818
7131
4883
3740
1427
7173
1206
3303
7064
7812
5346
7821
3159
7710
2612
7799
6618
1356
1346
8217
4948
726
1835
3026
4450
1094
838
1004
3978
2449
926
1307
3812
764
3676
6681
4045
5971
5148
7501
5921
6074
7204
8225
3969
6716
704
4343
3912
4645
939
6137
2081
6862
5873
1653
1735
3542
6216
7419
7897
1920
7813
7506
3450
743
1182
4141
2106
2125
910
43
8028
3997
7545
3945
1815
2204
1930
7908
7129
3562
3464
1478
773
5310
4465
3516
1738
7352
7735
4130
6217
2416
5237
1945
8047
8119
205
1519
4223
3776
6283
7544
7353
2225
4860
4805
8016
3628
2597
3877
1844
6673
4201
3840
2496
1808
4348
1841
1496
499
626
2090
3750
5167
3195
4031
6071
4790
8145
2037
1757
3704
4077
5741
2152
1776
1533
507
3642
7941
3996
7967
6172
4879
7047
1916
5096
2591
3813
4492
2299
7596
247
2560
2716
3748
2897
6143
5621
5568
2224
2902
2836
7500
1034
2866
2784
7370
8300
3436
6799
2528
2771
2622
2417
5318
5330
5719
2512
6023
1985
2248
1826
1537
3859
7170
2730
6807
7955
7797
557
4763
3755
4439
6850
922
7438
5695
5250
3340
4059
4413
3392
5222
3419
2072
1215
3462
5620
5842
7987
5995
2166
5173
4634
3106
5710
1983
4050
2977
4243
8258
7654
1446
2975
2085
5384
5713
1282
4601
7329
5488
6671
3597
3517
4030
3345
749
4061
2710
4068
7738
5492
2091
42
4386
946
1428
5036
1863
1980
3938
400
689
3719
6836
8056
2759
186
3140
1989
6916
4063
1055
6845
4423
8068
3209
2978
3282
929
4137
3256
3729
3583
2958
5651
6585
1423
6661
4055
1152
3211
5970
7190
8238
7969
6946
7751
5612
1813
5585
8005
4809
6200
6290
2317
3887
3793
2271
4074
5669
5889
4092
6480
3281
161
1119
3306
2807
4958
8243
135
7355
7721
5840
859
6227
3341
2668
4994
5504
5279
1474
3823
4177
5634
4445
1593
1023
1931
5556
1746
1179
6637
4864
3984
1922
7071
1165
129
1185
2135
1448
7369
3078
6280
7979
5069
8152
3757
8149
2962
883
8080
4837
4649
3852
6665
7235
5467
3469
3827
7070
716
5196
3663
5260
6574
4901
5632
6429
7651
6605
4728
3363
299
8156
976
2738
3917
881
5911
3824
807
3252
1824
1498
2054
5657
2180
3457
2569
7313
3328
5475
6752
8259
2950
1750
3181
4298
3200
1250
1586
377
5658
2310
311
7481
3590
2256
851
5717
5368
3741
1195
1888
5308
4314
1286
13
4847
1374
3835
6670
7917
6712
1104
3915
6975
3396
7915
6415
3775
4592
3105
5899
5981
4331
3810
5925
1615
176
2467
6627
1071
3731
6406
245
5939
4091
2269
8219
947
6817
2301
5133
3999
59
7381
2425
4834
8131
4385
6948
2156
7057
2933
5849
4436
3058
1398
2442
4949
2852
2780
4936
3929
4407
7276
2515
2875
6166
3903
7464
7187
6199
5829
3638
3598
1659
8287
5264
7467
7922
1312
6503
5190
7229
1200
1730
8172
248
7389
1121
8250
730
4629
3758
344
3125
4918
6651
2960
1122
2903
5012
4330
7786
7153
426
3865
1722
3061
610
4780
2794
10
1702
4705
7818
8273
6672
8055
2776
1461
6610
8035
7270
2169
1800
6609
1281
1528
2800
6840
861
1279
1051
6202
7601
6841
1773
953
4729
7607
3374
214
1021
1690
899
3807
2919
18
2366
3273
6655
5471
5193
965
5691
514
2041
8133
7855
1547
3568
1769
3577
5976
3455
5591
7808
7785
6335
7518
7251
1274
872
3677
3158
7756
8121
2823
6439
3909
6791
7560
2380
6787
5679
4184
5029
6871
9
6049
1198
6914
6731
1997
7829
2357
3772
6625
7512
2055
6945
4851
977
6284
5131
3201
3586
3369
2601
2944
1019
5869
7530
2639
7962
2535
5592
5208
4221
7032
3809
925
2246
2074
8129
4744
7992
109
3405
2704
5645
8285
8081
6662
710
7774
8286
5699
6583
6426
5959
2973
3862
8235
6017
7769
3308
283
4590
1642
7741
4791
5113
7420
7920
2161
2328
3088
4855
3053
256
3095
3472
1725
1768
1467
7379
1439
5303
759
2860
8269
4599
1759
6101
4603
7347
1763
4271
3621
2748
4765
3566
3421
88
6689
7984
4255
3360
7910
4874
880
2519
7452
8206
1410
5764
5154
5904
6727
8134
8087
1903
4377
5163
2119
5838
7713
3845
7432
2636
3032
1865
7069
1267
5583
7983
2025
1320
7113
4234
417
2664
772
4501
3683
2884
3603
7241
4296
2007
7183
7511
1163
3705
5020
5589
2607
6022
5997
263
5392
5283
6624
5732
3330
3878
3394
5364
1230
6816
7815
8218
2307
1663
3899
1987
4393
2999
7669
3102
5893
1466
4669
4098
5286
3156
5580
7697
6145
3123
6486
7169
291
4285
7541
1968
5941
3891
941
7882
5225
982
4441
2589
7099
7935
4647
1148
6478
6465
2497
2562
3068
3866
5177
1065
2216
2084
7301
1732
6461
4244
6567
5429
4158
2354
7925
504
2226
3983
2650
6759
4852
3548
2182
4408
6917
2329
2187
6909
8254
153
1751
4065
6632
6331
7349
6298
6595
4686
6733
7382
2647
2183
7396
7692
3217
5833
2339
5493
3349
1643
1682
5697
178
1527
1426
7162
7940
8187
6024
3521
2345
5417
6261
786
1343
1820
4750
293
7658
4934
4375
8251
8096
5746
4231
5194
7383
6974
3839
7317
2066
7513
2762
2235
1693
2556
5245
6206
2131
4995
1499
4664
3596
2213
1116
519
5541
3701
744
5086
7337
3310
2694
2305
2389
6387
7543
2632
2626
6586
1309
7934
1443
1262
6269
2433
6214
4983
4251
7088
309
4136
2172
4522
3934
6490
4419
7140
6073
4273
6403
1595
2365
3223
7346
3414
7986
1107
637
7711
7414
4257
3675
4193
2203
731
3673
1674
5927
3019
6258
3206
4788
3473
4737
2899
5198
5626
850
1700
1419
4587
5906
2229
4854
1033
6869
6795
3466
840
662
3645
4754
6630
7039
8271
5355
4721
7638
3312
7042
7357
2853
1861
6213
7373
2209
3792
6981
2848
8148
338
3536
2017
6350
4155
2452
7757
4960
5602
1344
3316
7431
2198
1264
1940
5788
3453
6383
162
3656
6299
7371
1921
4972
145
5201
1990
2013
1061
7034
6397
3580
3324
7781
138
4511
1953
3327
505
5852
5054
6458
3183
1289
3182
2215
1186
4914
3407
3108
1109
3874
1345
5295
1691
6616
373
6894
2948
5452
5400
7163
3538
3331
3446
666
6150
7132
5294
4254
3515
3277
5461
7804
6119
445
7040
8002
1014
1159
5723
3051
7288
6050
918
1878
7305
2735
4542
1714
3695
7584
1224
7612
5059
5655
5661
77
4583
75
1006
6993
1095
6531
584
4453
6897
2385
3479
7809
6381
7768
6135
2190
7720
7832
3389
2510
4101
6925
244
5966
3096
8289
5058
6444
3040
6806
4293
6847
7610
5709
2264
4600
2548
6411
2625
4888
6153
3280
3013
5622
7386
5515
2391
2455
964
2721
8135
3468
5415
91
4052
2039
7830
3669
54
2464
6937
2097
6497
7462
3625
6950
3786
5255
7798
6608
5207
2047
2809
685
3116
3028
6453
6293
821
1270
923
6267
1721
7529
1568
3470
4760
5213
7196
4580
382
21
2872
5374
2567
2812
8211
4354
8008
7279
3759
7564
4424
4374
4198
2983
2889
5716
6739
4506
1355
7860
4546
5329
1299
3532
4128
3456
5477
3524
276
3371
2623
7360
6837
6212
1487
1369
1388
7586
5004
1734
5080
3459
8272
1828
6930
2199
7378
6745
1798
1680
2164
8189
3194
1100
4657
2692
1421
4986
497
7264
8046
4111
1966
1581
2327
6895
7520
1812
7632
5521
943
1534
3615
1924
5516
5414
546
935
822
3619
3278
3998
2279
6866
3416
7714
2734
4701
2813
6391
2101
5000
3966
656
7248
2009
5952
4862
1681
2123
7542
5780
673
1779
6125
2333
4671
3800
5043
2876
6201
3533
6196
3447
653
7547
3460
6639
5270
2586
4514
1846
1429
7589
2911
2181
2108
8171
1397
1747
2042
4753
2777
755
4214
56
7898
2538
2005
5269
7388
3425
4871
4000
6647
5071
7286
2886
647
8247
2667
4016
4237
6485
974
809
6922
1090
1523
4004
4870
5051
1787
8110
760
876
6858
2888
7909
6756
6175
5084
3039
5650
7223
6889
948
3525
8165
5401
7010
3413
7050
4199
3876
5365
2128
6006
1694
4365
4164
4042
5914
2220
3523
2672
6107
3630
7341
7614
1199
2799
4081
198
6238
7052
1761
818
3896
5323
4347
6100
6152
4118
3241
2495
4745
6933
40
2372
4897
2463
8198
1237
5858
5987
4666
5202
6018
406
3320
3056
5354
6060
3847
3245
2061
8181
5897
1847
986
4471
4940
4872
6488
8180
3015
5233
4917
7252
902
7598
1791
2011
6295
1066
2100
2064
4769
2457
7478
886
7485
3387
6865
1874
6996
5388
7912
5765
1976
6087
1098
7535
7043
4631
2043
8051
8190
7480
2105
831
5615
3092
961
1440
3889
5156
2879
4751
3973
398
3717
1363
7946
2770
6542
4719
3616
2644
6226
3482
1938
3785
7773
1780
4831
6015
233
7734
2554
3166
5083
4815
1202
2470
7356
5964
827
2485
385
5512
1424
3150
1328
7755
6664
2861
4991
4867
7201
6494
4628
4567
2725
2431
386
1570
3662
3820
6588
6443
2073
1973
2881
3024
2828
7664
331
3193
6580
5314
5224
5370
1507
7443
7503
278
5799
3423
6696
5919
1211
4252
6092
4741
705
1018
1993
4545
3555
7891
6719
3561
3767
4776
4079
867
7793
8061
1969
6961
7141
1917
1566
4609
2922
7283
3600
3091
3348
7948
5336
5953
396
3604
5028
1169
7852
6544
5227
5454
1076
4359
2863
6874
5986
648
7429
1260
2988
6893
4688
2502
2929
2261
7061
779
7685
7302
6179
1327
7748
834
6117
4839
4127
2698
4152
1859
3347
7246
1597
1811
2060
6783
2724
2430
6341
4898
6312
6224
2754
1381
1285
2266
6785
8059
1131
3480
3643
7507
8299
1972
7825
1708
3432
6382
7330
2163
6659
5338
5418
6067
2096
667
3963
8188
3493
6773
6394
3112
3399
6253
2377
371
1720
1726
7149
2727
2343
2921
5784
6409
1046
4272
3528
3762
5258
6699
6656
5882
6582
5041
7222
4956
2526
5079
4736
4014
2446
1124
1164
2549
860
6844
5473
4558
5393
4476
6523
7727
2239
1241
2109
6365
644
2474
1574
824
5108
2021
2741
4951
7310
8022
7911
4123
4372
7841
1384
8107
2160
7791
1422
7844
4667
222
2309
3284
5405
7421
6324
7081
1541
812
2582
2476
4941
3940
5795
2122
6614
3497
5455
5817
7108
1736
3991
3129
927
4749
4027
8297
4775
6082
5517
4540
660
3247
4448
4801
4037
2129
3265
2063
5137
5503
2252
234
4340
5827
4387
1465
4524
3286
2012
8290
7186
3971
3988
2708
5081
5735
5070
2082
1910
4480
981
914
3042
1712
393
3791
2637
2683
735
5682
7053
1958
995
4694
7290
2089
5542
5037
5720
1908
8283
3797
3836
7101
1329
2348
6693
4873
5231
2702
4853
3565
2621
7618
4513
7625
6209
7942
5854
1879
5692
3230
1517
700
437
8039
6658
5017
3412
7472
6109
1377
4409
5694
1103
4821
2752
6000
3346
5038
5907
1079
2608
3814
6834
1030
3263
4479
7484
2050
2547
5292
2739
136
4544
478
1685
7177
3937
4194
2763
1266
569
2188
4971
164
8078
7521
3294
3890
960
7993
1543
3009
7372
7303
6737
7142
418
5430
5957
5046
2564
6373
7650
4008
4483
5727
6853
1880
5909
2839
5672
7660
7318
6677
5158
4370
6072
6432
5074
2461
7945
1337
6642
1804
2691
1767
2230
5019
6274
5701
7439
381
3366
2029
8128
2367
5934
1639
92
6615
5143
2856
1350
5895
5171
5989
7505
6059
1221
60
1889
6818
2870
1802
7321
7189
5514
7094
863
2233
2703
7783
4485
5570
5769
3270
3082
3077
8073
2645
2878
7775
1655
1204
7447
4204
4473
6599
2521
8071
6177
1145
7194
1557
8155
7045
8031
5595
3420
2243
4716
5575
2421
7316
5306
3008
4362
7970
4297
970
1631
1234
7282
4648
4614
2517
4228
8097
7865
6264
4561
7098
643
3025
8166
6988
2441
5913
4894
2619
4722
1020
4725
4730
4731
4732
4734
4735
1075
5100
5880
1110
1173
5607
4043
1208
2542
2049
3728
2052
3438
3333
4278
2212
5805
3790
4212
1782
3339
5404
3180
5105
6451
7764
5564
3922
5974
1311
3646
3608
4134
4153
3467
1414
4075
956
3970
911
3283
6589
3653
2059
4928
3595
4766
3602
3584
1142
7299
3395
6740
3475
781
2883
1634
5910
971
789
1927
1881
3418
5266
5242
1890
5006
1887
5261
4219
4005
4018
5340
5214
1225
1468
1359
1514
4196
2663
6830
4996
7974
4699
734
4792
640
5994
2374
3571
3780
7376
1640
5794
5789
6116
121
3718
4549
2276
131
1380
1577
2236
5124
6958
3189
2406
8239
2412
1635
8042
7006
6912
8027
2791
3126
3127
3130
3097
8072
3318
5740
8083
3175
5532
5742
53
5772
1096
4623
3124
8053
6037
1493
677
6758
693
4803
6638
7260
6002
763
3789
6065
5698
5678
7121
7306
3522
3918
2689
2590
2686
2843
5648
5442
7893
1470
3736
3948
4617
5641
5631
5328
1929
8202
8038
5033
3452
7548
1986
814
5008
5011
3907
3788
3505
3539
2300
2419
2827
2832
2766
2690
2434
2695
2816
2834
2534
4173
3231
6777
7367
4939
7138
6095
7107
5916
972
4740
775
6584
4033
491
2566
3527
724
3111
2991
6798
6792
6794
6803
4773
3165
6939
1963
1263
634
4206
5416
7858
7857
1258
7629
670
7819
7803
862
4966
4225
156
1445
4747
5689
6307
8253
4908
1512
7537
2270
1718
1845
7921
6776
3537
6181
4189
6189
8191
3350
2833
2250
3362
7393
2026
3351
7333
3250
2580
1469
2570
1399
7504
8106
1149
7082
6749
733
7238
7878
1511
7611
7816
2373
3923
6645
8193
1495
5681
6386
6033
5320
2364
5527
5531
5962
1068
6008
57
1435
980
2116
7309
1105
1072
1016
1218
7191
7206
7210
3476
3692
3667
6660
24
699
702
706
707
325
711
713
719
721
723
727
728
3411
6123
5282
5734
5754
439
265
304
2705
4963
2680
1453
2846
3440
5511
5226
1436
1608
3137
4496
4286
6676
3977
3221
7702
7849
4824
5110
5324
4406
3855
6968
6524
6884
8147
2046
5219
2338
6972
1648
5220
1809
2312
959
7322
2079
3694
7937
1239
3911
5412
7696
8066
2196
2205
1939
7885
4084
5053
5064
5066
8212
1306
8103
6282
2844
4961
3784
6120
6322
159
2717
4054
762
7427
8015
6506
3301
8267
1875
1814
4240
5182
5188
1147
846
4964
4334
2150
2459
2479
4859
2959
4767
1151
1396
962
1167
2104
2665
2630
2693
7982
7994
4246
6629
1988
4044
1222
1217
1223
8210
6275
4162
7867
6428
1416
7402
7592
6351
1898
1748
6042
6055
262
191
2849
296
2850
1977
315
2851
271
2854
2855
274
3957
8079
6998
6976
1572
1995
4566
7022
4674
1621
7339
7021
649
4216
5577
6436
6902
6355
4660
3355
3545
2422
261
1333
5378
5178
5191
7724
4131
7156
4693
7905
3939
567
7471
5862
4710
2503
7662
4848
4222
3799
4626
4308
5244
5315
1818
1856
1894
1932
3262
1857
2923
1417
3831
3778
4499
4519
2316
1542
6247
4772
3861
2971
2814
1003
2927
6878
7231
5275
6705
6707
6718
6692
3307
6555
8277
669
676
7739
6447
6775
1395
2019
6611
2018
1981
1991
894
2030
5902
1486
2001
6075
6464
2786
5573
3461
1594
5249
6303
3410
2685
1317
1322
4329
4166
4182
6371
4274
4143
7340
4303
4250
1207
1855
5617
5613
4990
5302
1129
2616
999
7159
4564
1290
2427
3713
3541
1405
2057
5847
5039
5905
2044
2298
22
6556
6285
8276
7666
8296
3259
895
5466
836
5982
3617
1249
770
4305
2494
5674
6533
3401
6389
7722
7046
2363
6009
1946
6014
6025
6016
2880
4662
6203
4414
4632
1482
1515
1457
4020
5362
4001
4010
5180
4012
6814
58
8109
1598
2697
2684
3681
2829
2825
8228
6957
1039
8175
1193
1373
924
3961
6504
955
4145
2527
2443
2426
2499
2778
2533
166
2350
6034
3654
6857
3975
6723
11
661
2857
2858
329
1551
5660
8261
6728
879
747
5894
1334
4915
5871
2787
2749
4889
4035
1697
2178
3573
1760
1866
2193
5394
6457
739
754
776
5638
7634
7482
7374
6628
3365
5157
2732
2532
2144
8310
7944
3632
6522
7455
5793
6720
4176
2257
6710
1713
1781
2068
2114
5983
3585
1695
1710
1843
3035
2223
5540
5715
4987
1832
6859
4577
4574
1550
2553
4457
2281
7096
1017
4391
6455
7124
4635
6300
3332
112
690
3334
3335
3336
255
1358
1303
3343
3344
3484
7422
5072
5040
2251
2273
1489
7988
6380
3110
1508
3932
3494
3851
2396
808
5787
856
7539
7533
6052
6063
3388
8194
681
3186
4526
4527
4531
4533
4536
5935
3882
3886
3913
3863
5992
6863
5576
3702
900
6921
5356
6472
5413
4209
6786
2168
4247
2245
6750
1383
1143
6965
1081
1411
3873
2027
2028
5248
1070
1093
1982
4361
1584
996
3253
1009
4829
5958
2274
3229
4895
6053
1724
7642
6683
7635
1177
7599
7701
7550
7606
7619
3902
3361
1819
3380
2602
1729
5061
4804
7428
8208
5246
3372
1762
3376
3914
1231
5052
3546
4146
1236
3554
3526
1793
1834
1220
7025
3547
4557
1125
5187
853
5197
782
7498
6366
7524
7644
7569
954
2652
6548
2649
1082
3163
5203
2658
4783
3000
4696
8223
4096
4543
2614
5748
5761
5744
6868
2990
1675
4507
4163
3080
4841
2651
6474
3171
8021
4242
6856
4651
633
7418
2682
2681
2709
2700
7765
585
586
6243
4800
6319
4970
6094
2574
4392
5498
1268
6534
3109
8045
4606
6621
8260
7723
5185
1591
1599
1613
6302
5896
6833
1885
3549
1882
2078
6521
6219
6771
5801
2311
6839
6124
4903
5790
4456
1338
7731
5333
3212
7086
4379
6248
6347
4327
5680
6613
2254
6505
6832
6842
1253
7663
1135
1313
2110
2127
6607
3760
3174
6809
5445
6218
5731
3353
3356
3357
3358
3378
3379
912
3485
2729
3488
5590
3160
5944
2319
6726
6729
6703
2432
2437
7259
5459
5478
2394
3087
4108
5773
6927
5776
1869
2774
1705
4174
4946
1431
1753
3504
2804
2112
801
1786
1918
4217
5014
1821
1867
7566
905
1775
3901
7014
6838
6846
2895
4232
6805
5453
2219
1144
2779
3781
7661
4172
5885
6010
2751
2775
2755
6828
7079
1325
4497
5841
5844
4498
407
5397
1134
3712
2972
3633
3606
6437
8263
2957
1902
1822
7195
5920
2837
7684
7256
5513
858
6570
973
3037
1686
1089
1785
1749
4178
2916
1111
5832
6276
7975
1671
1672
106
5111
6936
1745
5722
7030
4707
5176
6249
2378
2393
7368
4336
7556
3684
3881
7936
5381
1008
7761
2158
4633
2953
998
1035
2191
2600
7678
2353
2355
4132
4133
4144
4148
4151
4160
4389
7292
7249
8241
7255
748
968
4467
5624
4493
5843
5614
7230
8205
8018
7180
695
4997
3491
6430
1235
1238
6904
4589
7856
6573
2966
4114
1975
1978
2024
6111
6535
5183
936
1041
1392
5767
6001
6597
1665
1479
3038
6427
6241
7178
2488
5048
4341
2111
5665
5685
5766
5094
8057
6877
5317
6035
1641
8108
8112
5109
6187
8236
8157
1755
5809
7834
3671
5435
4468
4475
7766
1926
7271
913
938
1475
6559
7525
4774
5758
3819
5523
6205
6171
2415
5948
6007
8167
1884
3285
1536
5215
3605
5553
5018
7000
3228
7695
4353
7023
7896
4048
6848
4057
6860
122
479
3611
4301
5571
2387
1175
2537
4684
4085
796
7237
7927
6197
7929
7938
1950
3678
5534
5535
5288
3384
3385
3272
908
1127
3390
3391
3393
3398
1347
3400
6043
8065
3319
7870
5714
3023
2184
1293
1630
2324
15
5205
5211
5216
4026
2838
849
875
1797
6934
7582
3235
4426
4412
4512
829
3018
6962
6876
6880
6245
5950
794
2563
69
6141
7881
1545
4957
7637
2555
2557
2262
3208
4900
2306
8125
8126
8140
8138
8127
5818
3236
2688
6127
3627
8085
8086
2797
2498
7906
7479
4110
2186
1848
5243
8216
6230
6879
8169
6231
7947
4333
990
1441
236
3317
1667
1669
583
7688
2713
4663
8137
7760
1433
5495
6986
3768
3761
2232
3226
1101
1413
6606
1666
5441
4675
8295
7639
7213
2304
6640
3481
3844
3496
1141
8214
1118
5777
5065
4695
4440
3099
3052
3012
4884
6854
376
4929
1132
4930
3589
3146
7200
4253
1678
1728
1741
1723
1796
5627
778
3133
3113
2633
4356
3618
3967
4307
6246
1366
4596
6084
4276
6686
7526
7822
3964
6619
1696
5884
6907
5768
1688
1689
1692
1699
1703
1719
1740
1771
1777
1794
1801
1829
1840
1852
1864
5088
7999
8221
7950
4360
7171
7408
1386
7792
3794
3798
5900
2742
4115
4410
3093
5753
7877
7345
4738
5804
5449
1596
181
6163
4978
6702
1126
6736
6730
7398
246
5168
3763
810
3783
1013
2974
1085
199
2238
5750
5547
4863
1391
1619
6460
1158
3152
826
5140
7028
3703
945
8136
1044
5377
5121
1625
4021
6598
3771
4192
3506
1502
3031
1518
4025
848
5379
6419
7939
4444
5284
3634
2360
916
2403
7122
4349
7134
6558
7794
7752
8091
8177
6392
6887
4976
7308
892
7426
5524
5537
2603
3730
793
915
1651
5757
1194
6292
6279
8043
675
7243
357
4646
3631
5988
5335
4713
5076
6674
3431
5611
5980
6326
5289
3477
3465
1472
1473
4420
2053
7730
3582
7226
5525
5543
5425
5548
5419
7615
7657
6620
7123
7143
7146
7076
7077
5309
2772
5929
4910
3734
1644
8011
4916
2987
698
7109
7110
4880
737
7659
6407
7643
7413
7118
7836
917
5933
8240
928
6207
7770
7851
6492
7522
3118
4982
6333
6990
4672
5451
6563
1578
3315
3255
3593
6751
3442
4768
3588
5918
3474
4245
8090
5851
7489
3128
7577
3313
2095
6695
1464
1155
2864
85
1160
4989
4040
4756
6748
993
7037
8168
3721
949
5985
3296
2151
7717
1276
2491
3707
5820
6134
4698
6700
2676
7038
1892
7116
2571
3581
3424
3422
1912
5271
1447
742
758
765
769
771
4249
1318
7796
4981
5007
6252
1998
2746
2445
4748
6232
7332
5112
1112
2167
5
3841
3920
6646
6091
579
7828
2401
2388
1251
5483
1452
7336
2118
4080
7613
7616
1203
2530
2440
2450
6636
7221
6995
4472
7102
3883
63
6804
1227
2722
2969
6587
6626
6635
2014
2000
5578
6482
5253
841
7561
3021
5095
3995
1459
5276
4171
4181
4186
4187
3274
4197
2031
7244
1022
8023
8020
7789
6399
1430
5652
5845
7674
5563
3979
7151
686
6069
8305
3558
2058
2130
2798
7645
3264
5963
1571
1108
5351
3641
5221
3870
6694
1476
869
4973
6755
6138
4638
6146
6147
6149
6158
20
6160
691
2325
2048
115
120
1522
1243
7403
2598
2810
3145
6793
7224
2087
2696
2500
2715
3531
2444
2718
5240
4461
5034
2342
2344
2346
7394
2291
6835
2294
4427
4435
5924
1153
4685
797
5281
844
4817
1326
4477
4089
2253
3679
4053
5596
6864
5608
3121
6257
4338
6337
5482
50
882
893
897
7621
7477
7600
7703
5967
2596
2671
2423
2448
7016
2871
7435
7423
7581
5770
7211
7262
5712
7579
7573
3302
4099
6684
6717
6691
8017
1500
657
195
7562
3451
5236
806
7742
1298
70
6888
6824
5313
1294
624
7894
1157
2171
3968
6634
2361
2390
2392
2398
5877
3722
7591
7653
3161
5960
3567
288
5259
4795
5186
4007
6314
35
7973
1477
792
795
5704
5696
6470
6959
5806
5922
4757
5411
1471
6438
5298
3777
3919
3884
3893
3843
3864
4636
1582
4630
7326
7003
1372
5128
8245
7019
4621
3954
6182
6185
2789
7913
2701
7055
868
2581
152
2501
2506
2584
2418
4758
3134
3587
4924
3601
5118
8120
8123
6675
6538
3060
2227
7776
5268
1506
6819
4784
2750
7687
4495
2107
1516
4944
5387
6571
2901
7026
6114
7361
7087
7097
7106
2723
3114
5491
1049
4550
4447
978
3238
7704
5688
4378
7675
1348
4826
5301
5856
3443
5341
1272
1280
5056
1342
4382
3950
5123
6515
3151
652
8298
2458
2583
7049
6527
4390
5390
5312
7517
2811
3486
663
1559
8309
7311
4518
5116
5106
4899
4905
6821
4588
3858
8161
2228
6104
5623
7031
8143
804
823
7810
2211
1156
4742
1376
7847
314
1178
3002
207
3716
2509
7966
7236
6940
1074
3850
3806
8012
4260
7253
805
4541
7750
7673
5025
1497
4104
4418
1535
6507
7090
5875
5857
594
4411
958
4316
3829
3816
5247
2320
3271
4819
854
843
3908
6440
2986
5705
6220
6741
2892
2624
3795
4310
6413
6768
1876
4830
4680
1080
4116
4896
3709
1607
7075
2438
170
3720
5831
4554
3064
7072
3724
3501
6260
6316
5369
4437
6991
6992
7265
2912
7209
7532
7691
5115
1965
7450
2867
4469
8275
6268
2086
5252
6362
2249
4553
5861
5594
1370
7387
3985
3697
2890
3298
4659
5446
1919
6256
6272
6036
845
813
5134
1269
2265
8084
5635
3089
5567
6420
7103
5321
8154
1587
1045
5636
7160
4405
253
6980
4575
7157
4300
2941
577
1062
2918
202
7293
7125
4904
4866
635
2006
7919
5358
5707
498
6797
1024
6032
2177
6649
5954
6133
7824
1554
2139
3288
5296
5930
5129
4945
5434
4126
8151
1425
2513
2514
3216
6539
8037
1569
2920
6985
2032
2033
2036
448
3258
5968
3254
1324
6873
7397
313
258
7380
5044
2069
2067
2505
2687
2579
1254
3871
650
6291
6379
2185
8244
7604
8292
4482
7375
5107
3010
4047
3658
7036
6028
3439
2891
6310
7677
1146
7609
5536
5062
2842
7567
7528
7207
5834
3029
7410
2646
1265
3054
3682
7281
3074
5422
2995
3071
206
8268
665
919
5628
7493
3714
7005
7800
5786
2765
1891
522
1567
887
7343
8229
1944
3591
3147
6767
5736
2103
3512
6903
8101
3003
3020
3069
3011
3046
674
5836
5747
2475
4106
7004
5533
6766
2484
2489
1544
2217
2210
4661
2893
7772
6308
6076
7570
5738
6562
2234
5855
5872
8070
7448
5472
5656
6495
7902
1627
5068
3559
2992
6528
4312
3927
1941
3693
6051
2565
1962
6546
3551
651
105
4938
2896
2981
6334
2070
6697
6481
3063
6435
3043
2677
7647
2541
5562
7007
8088
3059
3560
3910
5664
3225
2943
6446
4593
4434
4778
1037
219
6263
7960
6815
3304
6761
433
4129
5228
7225
6417
3514
1583
6359
5946
5153
4428
5659
6487
8146
6425
4673
2914
6360
4816
523
7515
7597
3990
2706
6424
2206
2200
6564
7884
6422
7763
3926
2970
3329
4727
367
378
963
1106
2094
3842
5026
1040
6088
5703
5811
1349
6027
5926
1368
1638
1418
7608
67
2545
1256
2038
2268
4051
5396
1707
4188
1614
6688
6513
3184
3185
3187
2456
7831
7568
7907
3710
5975
5683
3141
6041
5823
3635
8104
1525
3612
3644
3639
3624
4652
2222
1214
1226
1233
1240
4388
1563
3576
4213
2830
2714
2831
2841
4937
4771
2478
2882
4383
5349
6810
5774
7887
7780
7892
7895
884
8033
7298
6812
3540
6560
4258
1187
7319
1319
4262
4443
3269
4191
412
989
2609
2845
4009
5382
5200
4789
1001
1532
4283
5085
5522
5745
4878
6046
2662
5285
7323
7995
8000
8030
6536
7130
4909
8132
4117
7295
6266
6289
7344
6706
5581
1382
2056
1549
2267
2409
2410
2411
2413
4264
6287
5846
6183
6954
8044
8052
8058
8060
6456
1335
6040
5092
2165
5174
2699
2511
4890
7193
4861
4865
4877
7216
5290
3139
3142
5763
1043
1244
6491
6317
5098
6540
5642
5348
4927
7115
2002
3507
7391
270
3508
2016
5119
7029
5360
6973
8184
3519
8182
5821
2720
4984
5450
6376
3942
3943
3951
3952
3958
6090
4397
4622
5469
5021
7390
5125
2657
2666
2821
2675
4988
5142
4612
5676
3892
3856
4902
2153
6578
5584
5444
3770
2822
2356
2588
2578
8032
4238
6947
6898
348
5593
3257
7668
6679
3503
6242
7540
825
5009
4046
6593
6596
6644
2075
4845
8026
5010
2292
6370
6262
6270
1434
1339
5093
5146
7801
4920
7671
7872
3689
4049
7590
7840
1942
6901
7827
1553
107
6648
307
7835
3552
3426
3698
3699
5256
5262
5273
5280
295
301
3981
1360
3276
1387
6004
1460
3510
6186
6178
3626
5439
1136
2753
3801
802
6970
5055
6913
7690
6826
7250
8100
8102
7300
2976
1321
3290
3291
97
2332
1490
4911
3787
5161
3297
5949
7348
3993
5230
3976
7208
7197
7681
6667
4236
25
3237
6454
4770
4759
4764
3594
4235
2482
1130
2968
1133
6682
3311
76
5558
6400
4313
4292
5474
5778
6882
5751
3444
487
4814
1330
1181
1183
3222
3224
2952
203
1162
4641
1438
8007
4668
4233
6952
5881
5886
7709
7715
7719
5342
4836
4832
4827
4833
4835
4842
7328
5822
6753
5890
6969
931
7466
5223
8227
5293
4299
1050
6932
1351
1354
3434
215
7698
4195
5421
5420
6502
3204
7553
8200
5050
3751
4998
4993
1601
6296
6343
6352
4570
2577
163
4281
6509
6514
6526
4787
7649
4248
4266
4267
4269
4270
4277
4282
4287
4288
4289
4290
4291
4294
4295
4302
4175
4311
4318
4319
4323
4324
4325
4326
4328
4335
4337
5078
5343
6402
6271
1257
5325
5326
5327
1404
5859
1756
7976
7977
7991
2744
4454
6349
7105
4185
4205
4215
3756
3441
3986
3987
3435
4781
4782
4785
3992
5943
7620
3651
4070
500
1521
1529
1539
3687
7008
1565
6892
3715
1744
6240
7495
4640
8130
877
5347
1341
573
7555
7845
7846
5915
7811
7802
7805
4692
4849
3342
4503
4508
4521
6255
6259
6265
6273
6278
6288
6297
6306
6315
6159
6320
6321
6327
6328
6329
6330
6345
6346
6353
6354
7084
7100
4398
5291
6823
4563
2938
2939
2940
1140
7112
3260
871
6698
664
6919
6920
6923
6924
6928
6929
6943
6960
6964
6966
6967
3875
7531
7538
7546
7585
3563
1603
7686
2466
2468
2472
6093
5606
5610
5629
4484
5640
7490
7523
5667
791
6553
6554
1673
7753
2736
7580
6396
654
6398
6401
6404
6412
6416
6418
7492
7494
7496
7510
7514
7519
1657
7670
8114
8115
8116
6013
8220
6020
7630
5407
4399
7095
6543
6547
6549
6552
5383
4798
4808
2140
7956
7958
7959
7961
7964
7965
7968
8176
7487
2460
2536
2773
2731
1900
2149
2157
2162
2170
2979
2980
2982
4358
975
6577
630
5721
5209
2102
5928
5826
2384
7778
5399
5686
5673
3098
3101
7823
4578
5339
7953
3925
1670
3928
8159
3487
5032
5035
5045
3661
870
5501
4529
4677
4678
4679
347
4681
5114
5447
7636
4460
2023
7594
7574
7284
6867
7059
6997
6760
6763
6765
6057
6062
6068
7603
5166
8204
2594
4560
2587
1955
2192
2195
6192
4691
4102
7012
4779
5304
5120
3164
1992
7838
6099
6113
6038
6122
5502
5505
5508
5361
4708
5391
5371
4064
1967
1609
1610
1620
5366
3153
8308
5440
7814
6855
6164
2318
7114
5099
6685
6690
6715
6725
5557
5979
4433
3261
5898
1913
4598
7307
2726
7928
7013
5969
3267
4229
6083
6774
6170
7067
6983
1032
4142
4494
3119
6977
6979
7048
6377
6572
5334
7009
7011
7018
7020
7027
4718
7185
7188
5670
7152
4400
4403
6155
3518
4777
5526
6180
2386
5199
5210
1901
7001
2137
7918
7923
6496
7930
3172
2145
6384
6385
4539
5097
5102
5104
5122
5127
5132
5135
3016
8164
1015
7128
2905
5218
5813
5815
5468
5671
8141
3629
6668
7820
5662
7863
467
2330
659
7215
7218
7220
4446
3293
3014
2906
6501
8262
1510
2996
7631
4604
7787
6498
5675
7365
3796
1623
6905
7754
7595
7441
4373
4615
6039
1624
5297
8242
7551
3173
4642
4644
2278
2284
2286
2287
5428
8185
8186
5951
7342
5460
7002
6999
2481
7576
7583
8226
7035
4355
7588
2737
6191
2334
1191
6229
6233
6234
6235
6236
4090
4906
3213
7679
7689
7700
6448
6449
6452
6459
6462
6466
6467
6469
1575
4846
3690
6156
6211
4739
2142
2143
2146
7350
2627
3737
6581
7622
7554
8252
8232
4451
1259
1261
979
7951
632
788
6198
6208
3246
4363
4366
4367
4368
4610
4611
4619
4620
1562
3239
3240
3242
4380
4429
4431
4432
4438
2507
2747
6770
3062
3065
3066
3067
3070
7954
6744
7411
6825
2806
5835
8303
8306
7144
7148
7154
7155
8233
8237
1458
3227
6085
4683
5299
7732
7407
6650
8093
3073
5718
4755
2648
1626
5965
6132
2572
6754
5725
5726
5728
2942
5848
1556
7575
1560
4458
6557
3691
3249
6532
6813
8150
6434
6442
2913
2915
6565
6471
6475
6476
3300
6654
