1612
419
312
1210
1197
2435
1315
294
506
1687
2654
327
1974
3764
1923
904
4726
1947
492
8201
588
5569
4352
855
2408
4017
1658
48
715
4207
3322
300
2894
725
7392
279
590
6005
2237
416
1709
446
3578
1877
366
1504
391
7871
4935
5775
342
2117
17
480
114
768
1526
942
7060
2
3417
2531
468
4761
2004
985
8095
532
2020
168
4786
2003
4022
104
2788
372
3495
694
102
306
811
4013
2528
363
1209
3498
2595
4060
252
4812
3044
5560
602
1739
5250
3738
544
3550
2010
1232
299
1806
8040
1316
520
6161
627
5049
4977
3004
642
703
388
2092
621
2159
3700
384
5406
1951
6489
182
251
574
1528
5800
108
1538
5139
1805
3041
4093
1909
1886
6722
830
320
5486
83
141
290
2242
4613
3853
39
4062
196
177
598
7258
4019
7278
7233
6714
6789
4803
2424
5277
3746
688
249
3215
1870
444
7150
1301
2613
7261
615
5443
3105
1390
3935
722
5254
8016
3244
2492
1602
4351
1000
819
1952
354
1837
1305
2037
94
260
5792
878
1449
6713
3203
2477
2163
8013
2769
582
4263
5192
1038
1860
125
601
4530
4702
5175
7199
7972
4459
766
4011
607
2826
7440
7212
4211
1437
1676
587
1117
452
2471
242
2155
3292
6210
365
606
3081
2247
443
2960
1980
119
835
3822
6678
96
3769
716
4595
243
269
3931
3664
2486
5001
1907
2241
6743
4203
2508
328
2955
3569
5042
7273
8004
160
2208
7746
3936
7066
4616
638
7304
7161
1484
5762
5363
447
7424
5554
775
2964
87
1715
7971
4028
3575
1883
349
5179
746
5739
1059
3652
2414
81
3359
2862
411
8048
934
101
714
150
7470
3972
5350
7385
9
3867
7563
5272
7454
4882
5264
753
6105
3888
8199
441
709
216
7978
4576
3548
2965
4943
1931
6512
3048
40
5803
1895
435
2711
3830
658
966
8224
383
149
4687
6772
1668
671
308
3897
427
3808
4793
3094
1069
239
280
2934
5797
3392
1872
303
1632
2483
2040
193
2293
2904
4041
5977
395
7850
512
3427
1606
7272
524
4135
1219
3648
2124
701
517
3749
1064
1816
3862
1731
88
2678
6906
2898
4869
3745
2022
2674
1772
1875
2370
1637
3364
4655
3433
1088
1576
994
471
5170
5251
549
1588
4602
4720
1488
554
1677
6994
3454
7203
245
5582
838
1838
7640
6011
1807
460
387
2873
3338
3834
3812
560
6066
1025
3036
7172
4594
1774
6836
787
4109
4394
1296
2189
8281
228
7421
3543
696
2899
7436
118
240
7417
5181
2290
1123
2240
4156
6167
1494
6569
82
3430
600
148
8294
7164
7184
2604
5196
6520
453
890
3753
740
997
3345
4962
4653
1304
3997
1402
61
6277
4658
4014
5863
8064
2748
1684
2174
1400
2132
7232
1752
2231
4138
1286
340
2817
1371
3877
2641
7667
2263
3196
8019
3557
167
2133
4810
110
1788
5808
5047
1954
210
2248
28
4552
7843
3478
4076
5063
491
3408
221
7359
4876
41
7166
1733
736
2653
189
2429
2417
4974
547
1309
6045
235
1716
5599
2928
7875
4690
3590
292
3820
7214
6600
7990
1485
4559
7508
284
1394
4743
1228
409
712
2313
1795
2783
171
5269
538
8163
4150
127
3047
3363
3131
1067
4183
1172
4546
6364
7458
4455
6
7758
7578
3837
6367
2258
2042
6029
629
571
4881
3900
2610
6097
1365
5781
889
3544
1099
1928
360
5500
2051
7914
5279
4078
66
38
5353
413
311
244
6499
3774
8077
7179
43
1170
2244
14
5149
1512
559
267
7804
493
2015
64
4682
2518
7430
1893
3210
2323
2288
6732
5169
5626
5978
6344
7416
4965
732
2937
223
68
6374
8025
6568
3284
3170
1679
3784
4161
6852
8203
4
2420
6058
565
5991
4618
6896
7362
3143
5395
604
470
129
6129
555
5173
969
5791
2707
7354
1987
6982
2007
5901
405
3513
6561
4907
7862
3231
2439
55
5188
3754
323
3597
5810
2576
4256
1060
1323
283
4016
7382
137
1011
3752
7559
3994
1708
2071
5346
6955
6497
5545
3878
3354
7393
1403
3106
2359
5234
6336
3458
2289
4723
3909
3308
7456
7399
4509
257
5457
6071
5507
1957
7773
4565
8111
8255
1773
5760
8098
3894
5598
410
1524
950
3289
8014
6493
5602
2045
8074
1776
7091
2544
3840
4968
3711
6126
316
5494
3511
1357
6021
8257
7873
8211
425
3609
5814
4921
335
7669
7165
6800
4520
6115
3325
79
6368
4202
2575
1252
2592
1642
18
4490
4979
5437
3331
8173
3789
3154
718
991
6340
7745
3409
2490
1005
5864
179
1213
5058
3665
212
3885
1012
2376
6653
921
3103
2220
951
7876
5708
3075
156
2494
3782
1212
3946
1248
4474
3386
3209
2083
5182
369
2416
2963
5752
832
5805
5380
3471
5255
2436
3083
4796
7334
2462
5103
4487
1440
2297
1764
752
6610
469
3602
6704
368
5424
5400
1415
8202
592
2134
1216
3397
6225
6281
6843
4686
7252
7366
5654
1766
3600
5544
2452
4317
6575
4220
1399
4936
6410
1949
4385
4401
1345
4226
1817
8029
1839
7853
333
8009
2691
442
3374
431
47
4591
1042
7287
7736
1206
3321
5887
7320
6018
2315
3405
5771
987
7176
1393
2692
1989
1302
539
414
408
1205
7400
2457
1761
738
440
901
3920
5410
6294
576
551
1027
3348
3197
7409
5883
2161
5580
2099
2902
839
2781
5973
7738
6778
4996
5616
528
4239
2908
5711
2230
8003
23
5416
4605
4208
7864
3982
3686
6841
3352
5876
494
3007
5402
7358
7626
1267
2097
7861
3492
3818
7062
394
3874
4733
458
2321
5003
3765
5
2660
4516
2465
5756
5405
2125
2419
4464
5658
3572
2503
7859
8209
293
3824
317
2823
1854
7699
2635
5036
298
7461
1828
59
8265
730
7916
7478
5605
7996
2917
828
3921
3625
7880
2179
700
5150
1934
7759
3757
220
1937
4992
2756
4525
591
1779
1095
3136
873
131
80
5490
4449
3728
984
6378
4113
1462
2625
7228
7883
7457
2556
2138
111
909
7818
1017
5604
6900
2733
8270
139
4917
1245
7364
4551
7924
1763
3786
3912
6672
5565
3726
1976
5785
3868
1375
121
2379
1380
142
1467
1879
5653
572
4086
4980
247
7735
6742
7267
5463
7682
256
1474
2025
2173
2362
4006
4794
77
2580
910
1428
3415
7268
6931
6131
1780
3869
2824
3896
7425
3586
7692
3872
7235
5492
1636
5265
4950
2345
749
541
2946
1663
3880
2552
226
932
1277
8133
2764
1412
2339
1639
2446
1697
5219
3663
5300
5015
1168
7266
1010
7401
4822
5222
2634
3005
3785
2076
7404
1225
4039
7388
2593
1863
192
1871
5759
4088
6851
4629
2081
268
6627
6022
6926
7633
208
4027
6899
3463
3813
2441
1812
296
1645
1100
1830
5996
4304
5993
783
6790
5305
2314
3924
3650
3741
3817
375
5307
4005
7182
4581
4364
5359
1072
2029
6254
1501
1083
6953
3181
803
5485
499
8266
4791
2493
3866
7842
1956
3287
2120
1311
6784
265
6827
1680
1815
3841
2710
423
7901
5700
3642
3803
7656
7683
3027
2770
8152
548
1056
1938
123
5084
8
4122
6403
5476
2039
93
1427
4752
800
899
31
3086
1337
1986
1481
3857
34
7799
287
1704
505
7137
3383
1690
2326
6358
1229
6116
356
920
7798
3505
4416
5367
264
672
2997
3039
7641
5733
780
4933
124
2147
3953
3202
6023
7748
7627
310
399
1953
4052
8213
2926
1513
7312
7379
1661
4573
4524
1328
3616
5481
5013
112
7869
666
1851
501
434
2034
4003
4813
8192
6590
3615
620
6822
4415
7335
7806
1029
1760
6666
952
2341
4838
5130
6130
4746
937
2275
679
4001
2796
4649
3969
996
2629
5639
1841
232
2868
8056
4154
353
2869
2540
5386
13
1444
639
4790
3649
5895
7264
3725
2910
2659
3845
513
3088
3659
6190
406
7074
2116
1985
5012
6074
1086
2180
4077
757
953
1271
2947
4607
1389
4136
4926
7068
3701
4018
5033
2931
3251
178
7257
3553
2698
1681
1552
3807
5509
3780
4179
1778
4073
6080
3773
2088
5588
7832
7462
146
2936
2399
3662
4024
3092
2442
6223
7437
8094
5740
6363
1633
8139
27
1732
2643
4184
7296
761
6048
2525
3668
1643
322
7676
6421
6070
5956
5788
6891
3395
6529
7196
2400
3015
46
4348
5225
6078
4029
426
3965
29
4004
1073
5337
2432
62
6831
5952
7395
1936
5193
903
7992
3360
4523
5229
8178
4953
852
3898
2888
1695
2852
2679
4806
5839
1483
475
403
1456
3680
4111
5214
172
1927
1784
957
57
599
6731
4105
3076
5473
6956
5061
4883
6375
1113
404
6168
6019
8162
1463
2608
617
3930
3832
5649
7747
3916
1314
7889
1297
4597
6490
32
430
6661
1414
2451
3827
8288
3733
7602
5241
3673
8113
5167
74
1827
6681
2582
1706
2670
3175
3838
346
6511
305
5004
6301
2989
72
2085
846
7378
5807
6808
5891
7506
3377
529
7239
5647
4067
7065
6747
925
3636
3520
619
1999
907
4140
1255
2730
1790
200
2776
1307
4932
2956
6987
7797
7051
7247
65
7429
341
1289
4562
6102
980
51
5690
6064
8212
1114
401
1792
3941
4985
1441
122
2296
5375
6788
7557
7373
1505
6625
6908
7464
417
4056
4969
7198
7547
5057
8171
1218
16
1721
3879
5976
1743
1223
6244
6042
1664
745
2813
5087
2035
3404
5953
8122
5854
2235
4712
159
3736
8041
536
185
7572
217
237
386
1768
3901
866
662
4634
5136
799
7826
537
344
6325
8142
586
2299
489
1813
8096
7587
4035
3826
272
3904
8264
8195
3442
4083
6356
429
564
7777
1448
1649
6304
7406
4112
7419
1737
3162
6151
1356
3723
5572
2496
5912
4535
865
1018
7499
2622
7374
6065
8219
689
1396
708
5191
6525
4517
4913
545
4728
4200
5345
2331
6371
2426
1800
6077
3211
5532
184
7784
3333
807
7530
1115
2405
187
5702
2524
7132
2055
5869
319
6972
1246
4760
2202
3970
1222
2930
7852
1352
6978
940
5612
6642
7737
1048
113
2049
7381
5849
5574
6369
291
5464
2833
4407
3938
1450
3535
1002
4071
7997
5073
2638
4002
4579
6711
8128
3138
3022
2558
7771
2551
1284
2182
436
2640
2586
6949
5566
1527
5765
3978
4395
1065
2630
4639
3584
6659
5622
7420
6174
3169
7451
3375
3788
729
1274
7825
3090
3640
2269
1533
1924
818
8075
3777
5011
4766
8035
3529
6176
6604
3072
4851
525
7314
704
2695
4381
7088
1031
4999
4143
3739
976
6483
3115
3603
6859
5899
4515
2115
174
7460
5709
956
437
6431
3382
3660
3034
6930
1053
1844
4820
5294
8217
1530
186
3084
741
7624
1558
1650
546
144
45
5724
289
640
1454
680
4223
5212
3825
6073
1656
4157
7900
4886
7652
880
2766
2396
7628
6067
2962
3524
4069
7537
552
2066
1097
136
3447
5550
4955
7790
628
4928
3670
6663
5802
3638
2201
685
4697
6701
5403
648
2771
1313
7720
1835
751
2350
5860
8145
465
4975
2512
2461
8210
6579
4949
4941
2009
1287
1061
1714
6605
2198
3945
3919
831
7680
527
5436
4705
3281
1652
5151
227
3718
3407
941
814
5715
3828
2221
3790
4452
2520
6990
1343
1751
266
1825
8206
6541
4377
6202
720
462
3999
2440
5789
853
5008
8083
4103
2895
1546
3688
250
1163
7360
8188
6098
1079
5480
1071
6692
6942
1964
5531
2951
6791
7955
5201
3341
5917
6050
1717
135
7948
4145
8089
6807
2984
5908
4478
7231
7512
7276
5737
6348
7294
2865
2197
4192
518
1814
1385
895
3198
30
3191
4165
3657
4404
1862
2884
906
2721
2068
1364
459
7654
2877
428
8248
1823
7056
3310
7426
1134
5914
6890
5220
6941
8105
4063
49
2005
5540
4354
4408
6975
6157
2758
1367
3232
2642
1906
2019
3017
3672
1137
5852
6148
7839
1881
4925
3205
464
5697
862
7783
6024
4293
6061
6738
3523
526
1094
860
7981
4665
7428
6894
1453
3188
5937
2443
3595
78
1034
1939
7949
4972
5630
2949
7047
33
5066
5267
6121
6729
7468
2932
1442
1757
1628
3647
1054
1842
747
5226
7447
4092
4729
1868
1164
6948
286
962
6963
4072
1728
3323
502
4874
5506
1198
8279
6707
3219
2967
6017
1929
7386
8135
285
3515
5496
6338
4075
8194
1470
5974
1548
230
6746
1
3218
6829
3350
2052
2998
3922
3669
5885
6141
1946
1461
345
7718
1996
1184
5692
4167
5357
1312
2719
4159
5417
646
1221
273
24
1589
3337
5336
4961
2958
3151
231
7229
4043
5910
7465
6773
5475
553
5589
5868
1783
4169
5438
7083
1217
2832
7081
3881
5232
2560
7069
5621
1138
7516
2924
3775
5431
5853
1443
7024
3132
5865
4954
3376
3111
7170
2154
2601
5669
5551
1142
402
6165
4439
7607
5414
6885
3860
1373
4599
2194
2282
1861
1994
271
2607
2255
3399
622
7726
7932
1922
4309
5283
166
5364
8189
6311
2264
6339
2673
5162
5189
5384
3270
6922
5242
669
2547
1586
7093
4332
4268
1808
4754
5202
6944
2761
597
707
8256
6782
133
4555
5729
5318
7874
6391
8027
7989
713
5592
1496
420
191
4519
5427
1058
4792
2561
1890
3577
6217
3467
1592
90
7982
5239
5970
667
1899
6996
2098
6215
2425
6450
883
3077
7980
3855
7330
134
6100
1580
4700
377
7925
6872
2437
5372
6140
330
3428
7370
4110
7931
1398
1334
2353
1804
4590
4919
5491
390
6680
7113
4706
3859
3983
1904
3305
180
750
5529
3032
2091
3955
324
6545
2848
5710
6776
1897
438
2190
5331
7356
2164
4347
8293
2591
1282
6739
973
6723
3206
7129
595
4811
2703
5916
1478
7255
6820
7439
2224
5995
2044
2277
6870
2473
1379
2084
6594
1231
1411
3743
8187
670
2559
798
5493
6708
8015
4753
3314
3731
7349
7534
3974
8028
762
815
1331
7269
5519
4572
2152
6519
6567
1310
5618
7774
5663
6584
6092
7549
1820
7922
4966
7505
4031
1789
4645
6845
4141
8140
2218
2683
5693
3564
1295
1859
2785
5187
1930
6414
3556
1020
1518
2246
6757
1754
4082
3766
1579
1275
4491
7138
7034
596
5028
5479
3704
2166
816
4870
692
4815
2631
2516
4650
8253
676
948
705
603
2597
6503
2644
2028
6783
3727
7313
4724
4583
1498
0
5177
2651
2141
4844
337
5164
6120
8191
456
3674
7757
1019
717
4058
3846
4843
1308
3776
1834
4571
5126
7816
5515
4544
4504
3373
7131
4237
4170
503
2271
1410
8049
7762
1520
6662
1320
3369
3349
2041
3123
7870
558
6603
7369
5998
5477
3380
2523
7812
3899
1008
4703
7167
3171
6152
7126
4462
2553
7560
1702
1353
7227
6521
5892
534
8300
2430
653
1291
3854
2585
5077
3485
6108
4497
380
2983
4959
4442
3394
7463
7488
5100
233
7666
4532
2245
8062
4931
2121
6199
2611
2993
575
5559
7032
2060
6518
7092
109
3779
2534
954
3482
6721
4807
5014
2847
2950
5824
5719
2276
7545
218
7740
1105
2233
965
5873
381
3870
5271
8278
4322
6840
4893
724
3628
7646
5163
5717
1767
276
844
1515
5398
733
3475
4923
1306
7206
297
5248
6393
4693
2364
7104
8156
2620
5795
5180
2358
4139
4892
2434
848
5713
7904
1903
3024
6703
1436
5393
4500
213
3975
822
4762
1654
2059
514
4201
6902
3772
4409
282
6537
7089
36
983
8261
6096
1869
224
583
60
8055
7879
7363
849
2589
6106
6847
7054
2199
7533
4592
5006
3805
6290
1810
894
1742
325
8254
5613
4940
6488
3425
911
3334
4177
6945
7121
5314
7158
3082
5287
2433
2338
2727
2232
4632
3457
3009
4199
2225
5842
1993
2447
2834
7099
4254
6484
3792
5870
5615
5195
3917
4721
4010
6034
1759
1052
7442
3167
8307
542
1866
5903
2791
3230
7133
7183
1981
8045
1590
5263
2148
4901
3306
4121
1066
859
3778
225
7006
5194
580
5614
2391
2191
7073
7743
8183
361
4441
6622
4119
1270
905
4012
4887
2357
1977
415
4123
1091
5338
1007
6123
6014
5794
4502
2385
562
567
6897
1611
1577
115
1799
5245
7076
2780
8280
2860
132
3275
2740
376
1110
609
3907
5579
3655
790
6998
1940
3740
4569
262
4608
2113
254
2927
5984
8053
4190
5999
6844
3355
2519
6958
1492
1508
6516
473
812
1359
5577
2900
3318
1793
8246
478
3177
5489
3525
3864
3906
2655
3182
3418
2863
3918
7015
5426
7808
5295
3324
5850
5961
197
3381
1090
4879
6166
7817
7205
543
5549
1849
3893
3517
5942
6889
1710
3174
3023
6806
7756
2307
992
3833
445
6251
2335
5415
3097
3865
4147
2135
331
1023
734
4580
2864
3190
5742
585
4149
7159
6204
2104
6786
1758
834
6357
6016
5787
2827
623
1155
7935
1850
7338
3406
5329
7632
8046
2814
3
1857
8086
461
275
4549
1464
126
2768
608
6612
6749
336
731
2328
4566
1039
4587
155
8118
6683
5433
2957
1523
2144
5198
6423
7586
3861
4252
8002
2375
5782
1451
7136
4983
3849
309
2096
5650
3891
86
8092
6687
3282
7665
5932
373
3534
7727
5627
5769
2256
7285
7741
4124
926
463
4536
842
1701
7044
1713
918
7259
5369
7905
3040
5487
6162
450
2502
2215
6009
5455
7655
763
1336
7263
5528
2790
5888
2752
1831
2686
1153
3030
37
7987
2393
6408
616
2077
6429
7396
466
4480
482
3108
164
4225
1493
821
4037
3144
2743
2340
7433
999
5030
3286
5655
2123
1122
1096
3157
6134
3646
4834
5534
5730
8177
1147
147
7039
2257
1167
5418
4422
3351
3416
3199
1542
255
1584
6881
2784
4556
274
772
719
418
6227
2114
7223
1486
396
3470
1727
5925
8018
7415
5064
4130
4000
5323
7614
5052
2110
1894
2650
3923
2309
1968
2566
836
3110
5947
710
6914
4627
4345
7623
7548
1107
3555
7765
5749
4773
4227
3052
3460
2759
7249
145
5701
1419
6461
1491
2680
2669
8289
7716
6639
5016
4026
4967
683
6047
8231
4660
1016
8174
4888
7346
2127
3748
4134
6795
3368
7957
326
1660
530
89
5133
5904
2367
1983
2193
7317
4751
6566
706
3466
2302
7402
935
1517
5155
3366
7821
1177
7274
2971
3319
7829
6441
4740
3561
7050
850
1738
6850
1242
422
5938
2844
3940
3117
929
7230
6228
364
6984
5067
1366
4804
7064
5096
5564
6758
2175
5906
5516
5071
6124
693
1749
116
4193
2754
138
981
6510
2854
2101
2251
6586
3697
1514
8038
7781
3890
6250
5716
3299
7241
6253
6588
3035
7327
8119
304
3500
7046
2763
2236
5002
4344
6673
1531
2026
4284
1798
6740
2889
1303
3614
8124
5060
5625
2626
7707
3761
2018
2786
533
8297
6775
2717
1898
4800
4671
3285
726
801
7191
6751
2280
2203
521
3372
3539
881
3613
7974
6125
7270
7937
5237
4601
3326
6645
3328
1062
3087
3413
6939
7146
6777
6382
1426
6633
6624
3836
6237
1836
2916
5020
7
2449
2308
6307
1855
5525
4412
857
439
1829
3839
4857
1970
5511
7830
2181
7529
5817
229
3226
5907
1476
7739
143
1445
5720
8072
3192
6415
2122
7605
6868
5617
3546
4243
2300
7658
2057
5743
3330
6647
778
7219
3248
6918
2805
5698
4637
8290
2499
7260
3996
6111
6365
902
782
6857
4357
4958
6917
1648
5185
636
1377
1640
4736
158
2061
2108
3365
1845
5110
2668
5570
3241
6671
2381
3915
6139
4719
7178
3645
1152
4829
2729
2303
936
7444
3531
3620
2351
3876
8277
1775
6063
2207
5609
5694
6075
2879
4670
5879
5644
1171
3446
8068
7509
4176
773
4894
3259
3278
4393
781
2354
4864
4115
6884
6585
7695
2840
4059
4314
5638
3541
5950
2250
4402
1722
7445
1555
3095
2223
5113
5546
4825
837
3396
2804
3452
6660
1327
8148
3819
2021
1333
5874
1833
2808
3370
8099
7617
3932
8079
1571
4218
3112
2368
7710
5902
6194
6409
4158
3617
1507
2450
2697
1207
6628
8126
7866
370
1124
4020
3884
2030
1472
7571
510
5866
4479
476
2254
11
4396
4537
6133
2633
4430
3705
3229
2532
5296
4384
8193
7078
7325
3091
4030
1190
6390
3021
2787
3432
7427
3961
7584
455
3250
4247
3018
1276
7123
7434
1388
3566
7915
579
4799
128
1395
8222
1686
2377
7890
5543
6355
4737
4038
971
876
898
3911
3504
20
4994
314
4097
4744
8103
1241
3243
5913
4801
2428
1186
1381
2444
1446
6874
12
6794
687
7803
3596
1125
6875
7333
1782
1272
8087
2388
8283
4492
1821
5679
157
6284
1818
2755
3491
2505
6145
7934
5354
6792
3712
1421
6397
566
5900
7238
7275
7021
5935
1997
4471
6101
6458
5571
4635
5542
8042
5518
949
6886
1791
3194
682
892
7858
1322
840
8251
727
6665
2374
1691
3604
4463
8117
5286
6275
8169
4425
6814
5624
6614
4475
1230
896
754
4436
261
6006
1595
6934
432
8050
4823
3607
3012
2599
5266
2883
2325
4831
5124
2880
3193
4805
2172
2672
5855
69
2352
397
5303
4476
2322
1634
2738
4710
737
5921
6727
4538
44
5714
8208
2336
5796
3346
5106
1077
8296
7731
5841
1457
6136
3120
1736
2570
7638
770
1675
5541
3844
589
6473
5754
610
3387
211
3927
392
1543
5674
2311
7339
697
4146
3814
4730
7234
350
1960
1647
7380
35
2521
3303
6837
8172
2887
5828
3713
1705
6842
7118
1725
874
3793
7897
2935
4543
7111
5793
7485
5843
4596
1075
5585
1179
1735
5051
2861
4558
3189
789
6799
6200
6745
4600
1283
7337
7927
2305
490
6968
1945
7491
5514
3410
1659
3889
5990
3385
1036
1593
3493
2239
2969
4376
5027
4485
1963
2912
1249
2858
1796
8021
4061
2479
6494
2324
2794
2953
7240
4522
496
3730
6081
5145
5955
8005
7962
3706
4924
7277
5319
8125
2543
7637
7857
4527
4472
4279
204
63
3462
8274
6342
7324
6086
7010
4216
5465
3266
6110
3019
5666
6793
6037
8157
6670
3135
161
2533
3747
318
2999
2431
6542
3963
4964
5141
495
6135
1568
7384
678
6387
2316
1132
5005
7063
3479
5257
1263
7593
5105
3570
7345
7828
2383
7040
5038
1431
993
5176
3886
22
1139
3448
6523
8039
6060
6856
1711
1826
1536
1511
5734
2689
1475
2901
2270
5755
7761
5081
3522
117
4533
130
1195
6734
5521
4859
2363
7795
6002
908
8106
6451
7043
2909
972
5108
7477
691
4214
5216
4662
5315
6504
824
7306
7760
1858
1667
2664
7408
4674
1264
794
6863
5499
1932
4467
5633
6716
1196
1160
946
7280
1109
6915
4982
982
352
3080
1135
2422
6638
6213
3236
774
236
219
7782
3207
3873
1150
3608
8066
6188
3554
649
1689
1292
339
1693
1407
4445
1003
2346
2775
6295
3340
398
5723
7539
959
7598
3235
6153
2745
1149
8267
6589
1662
2774
5429
6261
2571
3140
2445
5089
7080
1991
5660
660
7336
7722
4108
5561
5806
1417
1211
900
3694
1089
5442
1169
3573
4413
2897
556
162
5213
1055
5830
1674
2011
6710
3429
5783
7058
4305
451
7503
6380
4390
5389
4722
4008
7352
5243
2797
2459
6866
5732
4960
4498
5930
2501
2724
2378
3526
7986
3262
5945
4493
2853
5838
2476
4152
5233
6003
2213
8012
711
3294
7849
2017
6282
75
7139
2554
739
2090
927
686
2500
421
5495
5746
3263
6691
6522
3984
5905
759
1499
2380
6453
5156
3654
5320
663
6500
1747
2527
8239
882
4545
4725
2991
1469
5573
7536
7221
826
6779
3362
2835
8276
3735
5539
5933
2024
5648
7696
6197
1598
1982
3129
886
2485
4676
1489
2801
2526
4631
2961
4182
4862
2304
1185
4898
4788
2859
5620
1724
6726
1819
4987
833
4209
535
3684
1157
7305
1622
5722
5735
4198
2333
1166
1165
2855
2749
8134
5691
4990
1344
2966
3977
1770
1865
5458
2062
5986
7886
3585
3419
3902
7644
5143
5997
7662
3587
6350
7767
914
5939
4391
7723
7768
1617
5484
8023
6544
3178
6649
3851
3496
6184
3272
1979
2498
3358
3499
2262
1143
1655
3315
6300
3760
5748
4448
8109
8121
5246
5596
2603
8073
2549
7703
1423
5324
5227
4074
3320
3274
2530
1847
7376
1604
4131
281
7211
3137
7070
315
3008
238
947
3109
3476
6637
8167
4303
7500
4068
6876
3637
7926
8223
1081
7764
6805
7469
3882
8250
1103
6832
3353
3831
6719
4334
5927
5524
888
5261
7606
6718
6095
5276
8205
1794
8181
3102
4850
3653
5352
8131
605
7833
7473
6752
4054
4137
2513
288
677
1338
5856
7933
3361
2596
2732
91
8071
1630
4657
5377
2871
2573
3716
1051
2464
2397
1578
7702
1459
5631
3208
6587
7766
207
2423
5989
2226
5000
7443
357
2728
6597
5982
2078
1006
6505
7592
6428
5530
8302
7984
4085
5992
3632
3214
3682
723
1653
4699
6816
6109
1280
2047
5423
2012
1545
1503
7501
6705
3558
3401
6302
3506
152
5962
3336
675
5328
4174
5535
153
7204
151
7246
1824
8286
183
3695
5844
961
3484
6720
4946
2274
8180
1896
968
4734
358
3127
2793
7007
2647
1204
1591
3488
3666
50
3744
1541
3676
4518
7163
1867
6658
2690
6921
1600
1189
5197
2705
4534
7851
7629
6117
1811
7651
1026
6407
3079
7975
2535
2344
6094
3948
4951
5430
7455
1093
7177
2355
1885
1608
6025
7480
3113
6626
4196
1030
7226
2825
4848
8230
3163
1021
6389
3412
1468
3422
4696
3371
7000
5857
2795
2372
6079
5370
7659
6206
2663
1641
4356
2046
1832
2480
2574
3571
7819
3964
2812
2866
7271
6332
2978
1361
4104
5619
4320
6862
4456
1587
3852
5059
744
5809
7237
7855
4656
7299
2529
7589
3633
5454
2742
6601
3619
5159
2688
1342
4875
4821
4991
8218
5083
1175
913
3527
1420
3273
2772
1910
3588
760
2656
4709
3339
3335
5379
8091
1769
5513
1984
3582
3988
8136
6312
2150
3228
7543
2366
3783
1700
3821
488
1268
6474
695
5966
1199
2874
7096
4624
3592
5586
4548
6406
5031
7867
690
6798
6630
7942
4714
7194
3835
7837
1920
7200
6735
8259
5171
3100
6766
7435
1317
7422
6012
7694
7474
7535
3939
519
4114
4606
3762
2214
1873
3516
4871
2032
1430
1068
864
3124
8170
5536
1299
2704
1435
6580
8235
7357
1374
2685
6957
1392
1192
728
6444
3003
2043
4296
4166
3134
8234
259
4585
3253
8081
7329
6049
3692
1730
1376
1347
5556
1599
6950
7569
479
3245
721
6173
5419
5924
2504
334
1615
1004
6733
2361
4275
6531
6591
5837
4033
165
2079
6280
6838
6207
2542
1200
42
1047
7042
7171
1408
7893
1203
6759
4952
7809
3568
955
1425
3217
1726
2637
7952
2073
2708
7291
7321
5784
1044
4672
6802
6771
6976
561
4057
53
4080
7475
5168
6056
879
6052
7071
2684
2843
1988
986
4265
5184
4173
3436
2243
6405
4091
6664
4417
1098
7459
6595
7210
4496
3464
5356
106
6599
1943
6001
7413
7642
568
1063
6351
7482
4392
5413
912
4148
1495
4242
1439
3247
4219
5075
1208
4916
2975
3734
2522
4741
3926
1692
3816
3914
6550
2792
6750
827
6986
1078
371
5322
2581
8155
2696
4481
4421
6322
1405
4547
100
1239
8108
2349
2371
1669
1247
1688
823
2819
7616
58
5641
8215
7341
4768
6366
3295
7678
1950
6880
3125
681
5044
1678
483
915
140
2415
7877
3799
6621
2196
5017
7045
5537
1202
7878
3985
3630
8137
4858
6246
1413
3717
7693
2360
1253
3107
511
4713
796
5275
2715
699
6082
4626
7493
5107
7418
2515
7891
5270
2401
2212
2602
19
7423
1734
3002
7983
5409
1182
5137
5911
1802
7793
872
8057
977
7292
7619
6107
7003
6033
4045
7192
4081
5432
4963
7293
4680
4840
4908
7143
173
3850
3042
4420
407
3327
5845
4772
2406
6515
4346
5404
3168
2319
6087
7785
6324
1683
6606
3634
5964
3121
1070
8022
1699
84
8236
1995
1194
6608
7894
6230
4232
1193
5284
7909
1251
6694
2590
4885
6084
4301
5731
98
6629
6464
4361
7776
4389
7943
5603
7643
359
3074
7394
4362
2712
3763
5131
1975
3768
847
1049
5877
7025
4930
7650
4872
8221
2815
7724
3722
4374
809
7108
5656
7998
8214
1887
3767
6373
7243
2252
7186
5311
4715
5705
1120
5046
85
4221
3709
7383
5553
3843
1843
3165
7256
584
3545
1416
1912
3461
355
6333
5207
4410
4406
1905
8078
4747
7596
5957
1014
7921
2080
3001
382
6386
1227
1919
5240
7936
5768
557
7244
3971
7497
3512
3060
7479
4187
7094
2394
3391
1694
7701
5289
6728
1145
4889
6341
2876
7899
5351
793
5172
3991
8291
3411
2514
3707
4499
7107
2013
3696
4286
2398
2219
7017
457
938
6936
8017
7057
5862
5034
2050
4153
6274
2881
248
6468
2273
5178
4260
2281
6394
2488
2658
6443
7599
5847
917
1551
702
1258
6971
8129
7600
3020
8008
5607
5750
4457
509
4133
4426
6043
5488
3283
1597
3605
4783
3962
7611
5076
1998
1914
3598
8158
5652
8101
7896
2453
6796
4273
6144
2875
7016
2027
4118
4084
5048
234
1161
7209
1723
2583
8146
2188
3390
7521
7086
8149
5441
611
8244
8020
7147
634
3497
1369
3913
3389
1362
2919
3179
4365
1084
6573
5929
1682
1703
4461
4976
5080
841
6615
4160
4731
5204
6709
198
4240
4915
1973
6602
7053
1156
4767
5292
5252
6008
5385
5340
6907
5520
6761
474
2972
2373
2829
2227
4329
6911
6437
6286
4900
1300
7290
3618
550
593
1480
7940
3438
7979
3579
2260
4244
2846
2169
1971
6570
7770
2681
3085
4855
7730
6993
2033
3574
5330
8043
5394
8298
7014
3344
3166
6138
7262
661
5878
4896
5088
3465
2617
3980
858
1173
6142
4127
4382
6530
15
7106
3589
2810
1383
5871
3133
2407
943
1745
8031
4897
4261
2454
2427
6245
2054
624
4336
3254
7446
4025
3658
4711
2903
1293
7988
808
2111
804
4255
3829
1797
176
7661
6517
6053
4206
21
4435
393
2130
4330
7355
6293
2807
2713
3502
2944
1265
7049
5804
278
3593
3703
3384
1889
2614
2682
863
5449
633
7601
1635
3056
3794
792
7752
5362
829
2178
1822
4586
3758
2272
673
2168
2751
4912
1348
6427
7796
4636
5392
5298
1933
8059
7917
6486
7022
1959
2403
2086
5994
3450
924
3847
3481
5365
7397
8168
7824
3388
3038
4638
5894
3400
7149
4574
4098
4036
2128
810
4512
6927
7511
3679
1748
3313
3443
7950
7711
2065
4860
7082
1127
5583
4981
3000
5971
4144
1570
6635
3528
6985
6818
6834
5112
5111
4023
2089
7265
4307
2800
7789
1262
6893
1432
5777
1719
2186
698
99
758
5851
7612
674
2320
3296
4758
6730
3800
103
1925
7856
4331
4564
4189
5635
6445
2463
1753
3221
1350
2739
7677
2206
5678
3216
253
2799
5148
6477
5302
4162
767
4514
1487
1288
4688
7528
4042
3483
2645
56
1285
5689
3064
3611
5931
214
3474
7550
769
7888
71
7504
8161
4646
4824
5575
5422
7672
5466
2266
6212
4405
6276
4116
1471
650
5333
2701
1009
6216
5411
563
6724
3421
1966
4816
7920
7885
8282
1856
2649
7993
3937
7403
7101
2058
5069
4427
2923
3116
6150
7970
5165
170
5944
7253
3146
4765
4841
6026
2211
477
854
5772
3990
343
7664
4066
1035
1294
6015
2506
6193
7471
2652
2107
6238
3145
7308
8258
2053
6548
6655
7941
3781
5007
2382
5101
7751
1537
7368
3301
1085
1178
4411
7224
2421
2510
6524
7938
1583
8151
4359
6305
3160
516
4817
3537
2811
246
8110
5712
4939
8065
6965
8070
2700
7289
5884
6962
1918
2757
1771
4465
6218
1665
6620
2555
5095
6147
1024
1712
6031
3212
5306
5517
4694
6989
4249
7169
637
6741
5503
2842
2921
4044
6748
7116
7854
1502
4716
2616
4280
2661
1116
6609
869
5116
52
1729
2063
756
7322
2158
2994
4094
5590
4929
6420
7687
7140
7371
2136
6310
4125
8243
3959
1916
3437
6000
5467
7213
5594
1569
2995
7615
3627
1473
2312
6785
1720
6189
6030
2985
2205
8284
2204
2306
2184
4854
2495
6482
8080
3809
3580
5727
205
498
302
5435
209
2126
5183
5968
3302
6337
3152
199
7303
1215
7340
7684
3307
641
2693
2598
3933
3606
7772
6007
3332
4128
4986
6636
7472
2087
515
1596
2911
3671
2639
2562
612
7541
1497
4550
2828
5217
5040
3453
4087
7691
4250
329
8088
4749
7028
522
3934
4234
7561
5595
3258
6768
1148
6858
338
1372
8154
6879
2632
2069
785
3771
8241
1908
3887
6478
4414
5206
3957
3317
7134
7498
7361
7125
6616
6470
6849
6992
6564
868
3037
4468
3954
2623
7834
5462
3459
3051
4673
1108
945
1154
5893
3280
7103
8273
120
1224
5682
8198
3414
2856
7734
3979
3973
4956
3811
2624
8084
2619
4353
5118
2789
5317
1080
1121
6203
748
652
5138
6877
4178
6219
7639
614
1318
1629
5019
4306
1118
2798
5628
6436
5757
7453
3678
4978
2850
2082
6571
6640
2109
3265
1787
5704
1236
3798
960
4285
6506
2537
4903
4732
5744
3968
5043
3998
8127
7613
7604
4021
2803
5498
4440
1082
3960
6055
7881
6797
7079
5527
4633
4997
2100
5376
2579
3264
4099
4654
6854
5801
5773
1151
4278
2001
6846
2563
7567
5767
958
2048
8228
2886
7110
8229
893
424
5761
1386
7389
7929
3755
6472
1935
2067
7309
6158
1958
2509
4584
4589
2387
5029
6821
3225
3420
4132
3356
3477
2291
5548
4316
1785
3357
5611
4617
2112
3099
3863
2816
3494
202
5288
1238
7190
7810
7316
6887
967
3791
6811
2118
70
5448
4253
4341
3398
735
2343
5818
3114
7097
8249
1479
6388
3601
3309
3721
6399
657
5037
7945
6104
4904
6220
7544
6201
5636
7573
4577
4942
2418
2890
7688
2365
7377
4867
188
8147
4469
5861
990
6313
4204
6417
786
3514
2987
7609
6736
1158
6619
7286
1625
4444
5523
3989
2746
8310
7579
3581
5335
1809
2820
1613
4096
3667
5563
169
258
1718
7663
3201
4775
2470
3950
1594
7634
6864
4310
6534
8269
1902
2171
6675
400
784
7023
2665
1619
2676
6457
4048
3468
6674
5790
4477
7513
8120
8295
4989
6824
5022
1188
3451
3681
1698
6607
3567
7913
6535
5082
7180
1332
3186
181
7189
5117
7202
5880
4053
4418
5425
2735
4453
4164
8175
3806
4776
1696
504
1433
1022
5688
6828
2918
1144
3238
6323
5039
7635
3158
5065
5445
7038
5310
4217
7450
1146
1033
1644
3104
4372
5390
4839
1141
795
1651
6613
2857
2671
4914
4651
988
1557
2438
5153
362
5068
6127
5412
7526
7939
6224
5186
2612
1101
3343
4338
569
3011
190
7031
1159
4495
8240
2870
7985
978
7156
8037
8090
92
4895
1522
4274
7332
2891
5770
7847
4707
6634
4884
7515
6114
5922
4621
813
5680
3347
2941
2392
5934
3234
1781
6702
5948
6480
7591
3378
5054
7729
3393
3591
5967
7254
861
3128
5459
5547
6910
2929
5478
1572
7326
5834
195
5157
3298
4245
2974
1370
7398
3908
2943
5659
875
8260
4540
6032
6912
2809
7036
5282
7217
7037
3006
1848
6172
3118
4738
570
6426
2709
5920
5378
4526
4055
1777
594
3180
7090
5129
2584
5918
4630
6146
4778
3183
2036
3656
7122
8305
7452
618
6809
2474
3130
6558
5453
2750
2129
7581
1041
8216
4669
54
797
6243
7657
206
332
523
5562
5211
6563
433
154
2986
1269
7525
1324
3538
4312
5960
7562
7675
3268
1740
2458
6487
5832
5958
1340
5249
5313
3501
6381
2103
6177
6556
1911
6562
5608
3147
6559
7944
5121
6695
7449
7566
1325
4378
3810
1104
2538
3714
3440
6413
3233
5025
6069
5152
5344
6717
508
577
5109
4473
7597
4106
4126
7019
6260
6804
6817
2448
6430
6028
1466
4735
1220
5665
5397
4349
3159
6833
7375
7026
1803
7966
2070
6495
7055
6222
6285
3255
5831
7906
7807
3045
5094
7673
4047
5766
765
7792
923
8292
7343
3379
8263
5567
5205
1452
856
7999
4224
4756
3966
2851
4308
2298
6392
6646
7794
5988
2718
531
4350
2778
5312
6839
7788
6359
6592
1990
4507
1882
5268
3010
5341
4575
7124
2557
6546
7522
7236
6737
4819
1554
3631
5244
6163
4151
5983
2569
4568
7973
8138
3702
5408
2546
1762
7582
3883
4246
5140
5236
5144
1358
4379
484
374
4482
7653
1944
806
1477
7994
771
4101
7742
7142
2849
2893
2990
1447
6903
5533
2959
3431
5681
6303
1564
1671
974
7755
4470
7160
5980
3055
3910
7717
5309
7102
7225
1801
1045
6279
5259
6508
1750
5758
5018
742
2741
6684
4795
1290
3071
7884
7077
7372
805
613
5664
4698
7109
1329
7577
1112
6860
4880
6755
6676
7412
6205
194
8011
5497
2539
1786
6181
6059
5576
4186
4168
6533
3089
5253
1574
2283
277
7030
7387
7087
4973
1948
1621
5070
8285
2347
6309
3329
7822
4528
919
2606
6848
1516
3271
2183
4272
1243
3795
4222
4774
2722
2945
6241
1884
6643
3693
5872
4684
3848
2093
2646
2412
7524
2779
4172
485
5482
928
4360
5381
3720
3724
4582
6686
7367
5936
449
1346
5875
6485
3547
3403
5940
2295
4257
7763
1765
5470
2229
5963
4181
6419
4369
4948
2782
5552
351
5123
887
6878
6888
2139
1540
10
5820
4163
7960
651
6479
4899
8069
6951
5959
4856
1646
1607
1627
3455
8123
6103
4447
4675
6334
6689
7310
5897
635
2000
7911
3288
7005
764
4297
2209
7201
4129
4910
3486
5446
8006
1605
8197
5208
4695
1391
7075
3532
4748
6154
3031
5707
2564
3279
6091
777
1961
7517
4212
4659
7207
4593
4197
4970
8287
4995
5776
1926
5278
1535
5972
1397
3750
5623
7713
2977
6507
6815
4483
776
2342
3069
3063
4905
7558
2896
6232
2541
3304
3797
5128
2491
1741
7674
8309
5780
7648
5738
4120
6143
7072
7919
6767
4371
1550
5896
7910
2167
6362
2475
6446
4557
6435
7410
2600
6160
2914
2389
3995
1685
6283
7556
4333
2777
1582
5358
3871
6756
4007
5115
2867
2006
1544
7157
7004
7769
1874
6865
4944
6455
5685
4089
4501
5062
8268
1891
3277
1852
6803
6248
6347
7908
6492
6991
2200
5954
6481
6252
5301
1037
665
1076
5985
7704
3046
6697
1962
1921
4663
2131
7749
6360
2925
4531
2228
656
2119
3059
3093
7484
1755
4040
2151
6835
7542
5387
2723
1965
2265
5764
2687
6379
4661
6010
6995
5946
6611
2837
8085
2878
7775
5483
2014
6959
5321
6873
4079
2210
3058
2667
4428
1666
1840
4553
6226
4541
175
7947
6598
2548
1567
5836
6830
755
3439
6185
4423
8112
7750
6316
2677
7647
4742
7489
4971
2455
6268
4300
2467
7800
867
1631
1878
5747
1129
1111
6035
2095
7532
2249
2484
5472
481
6819
995
6555
6527
1876
4957
5221
5247
8275
3029
5651
6424
5215
6632
4194
6326
4437
3126
6247
6447
1482
5072
4327
7195
6249
1235
6904
7187
6171
4210
3967
4863
6460
6292
1260
3641
4685
5696
5224
4784
5056
6383
1046
845
6980
6974
2177
448
6308
3560
6263
2706
5736
7570
7902
6051
6425
6319
5753
1126
6538
3043
5578
4171
2988
2892
3054
1013
1266
2031
1326
1500
2390
1506
7311
1074
4945
2920
1254
2217
970
7281
7151
6257
4588
6036
916
5451
843
454
2970
5203
1672
1978
7836
644
1892
2337
7645
2294
5281
2253
6438
3858
8143
6440
4830
5786
2285
6528
4938
998
8245
2185
2489
6422
6700
4826
2565
105
4623
5053
3549
6187
2838
6231
4276
1864
2238
3424
6149
897
7621
1298
3161
6314
4757
6182
1559
5981
6940
4554
6256
6272
5134
4866
5434
6539
313
6291
2765
6076
2234
7448
3559
2992
1941
3551
2981
4434
5228
