1612
419
312
1210
1197
2435
1315
294
506
1687
2654
327
1974
3764
1923
904
4726
1947
492
8201
588
5569
4352
855
2408
4017
1658
48
715
4207
3322
300
2894
725
7392
279
590
6005
2237
416
1709
446
3578
1877
366
1504
391
7871
4935
5775
342
2117
17
480
114
768
1526
942
7060
2
3417
2531
468
4761
2004
985
8095
532
2020
168
4786
2003
4022
104
2788
372
3495
694
102
306
811
4013
2528
363
1209
3498
2595
4060
252
4812
3044
5560
602
1739
5250
3738
544
3550
2010
1232
299
1806
8040
1316
520
6161
627
5049
4977
3004
642
703
388
2092
621
2159
3700
384
5406
1951
6489
182
251
574
1528
5800
108
1538
5139
1805
3041
4093
1909
1886
6722
830
320
5486
83
141
290
2242
4613
3853
39
4062
196
177
598
7258
4019
7278
7233
6714
6789
4803
2424
5277
3746
688
249
3215
1870
444
7150
1301
2613
7261
615
5443
3105
1390
3935
722
5254
8016
3244
2492
1602
4351
1000
819
1952
354
1837
1305
2037
94
260
5792
878
1449
6713
3203
2477
2163
8013
2769
582
4263
5192
1038
1860
125
601
4530
4702
5175
7199
7972
4459
766
4011
607
2826
7440
7212
4211
1437
1676
587
1117
452
2471
242
2155
3292
6210
365
606
3081
2247
443
2960
1980
119
835
3822
6678
96
3769
716
4595
243
269
3931
3664
2486
5001
1907
2241
6743
4203
2508
328
2955
3569
5042
7273
8004
160
2208
7746
3936
7066
4616
638
7304
7161
1484
5762
5363
447
7424
5554
775
2964
87
1715
7971
4028
3575
1883
349
5179
746
5739
1059
3652
2414
81
3359
2862
411
8048
934
101
714
150
7470
3972
5350
7385
9
3867
7563
5272
7454
4882
5264
753
6105
3888
8199
441
709
216
7978
4576
3548
2965
4943
1931
6512
3048
40
5803
1895
435
2711
3830
658
966
8224
383
149
4687
6772
1668
671
308
3897
427
3808
4793
3094
1069
239
280
2934
5797
3392
1872
303
1632
2483
2040
193
2293
2904
4041
5977
395
7850
512
3427
1606
7272
524
4135
1219
3648
2124
701
517
3749
1064
1816
3862
1731
88
2678
6906
2898
4869
3745
2022
2674
1772
1875
2370
1637
3364
4655
3433
1088
1576
994
471
5170
5251
549
1588
4602
4720
1488
554
1677
6994
3454
7203
245
5582
838
1838
7640
6011
1807
460
387
2873
3338
3834
3812
560
6066
1025
3036
7172
4594
1774
6836
787
4109
4394
1296
2189
8281
228
7421
3543
696
2899
7436
118
240
7417
5181
2290
1123
2240
4156
6167
1494
6569
82
3430
600
148
8294
7164
7184
2604
5196
6520
453
890
3753
740
997
3345
4962
4653
1304
3997
1402
61
6277
4658
4014
5863
8064
2748
1684
2174
1400
2132
7232
1752
2231
4138
1286
340
2817
1371
3877
2641
7667
2263
3196
8019
3557
167
2133
4810
110
1788
5808
5047
1954
210
2248
28
4552
7843
3478
4076
5063
491
3408
221
7359
4876
41
7166
1733
736
2653
189
2429
2417
4974
547
1309
6045
235
1716
5599
2928
7875
4690
3590
292
3820
7214
6600
7990
1485
4559
7508
284
1394
4743
1228
409
712
2313
1795
2783
171
5269
538
8163
4150
127
3047
3363
3131
1067
4183
1172
4546
6364
7458
4455
6
7758
7578
3837
6367
2258
2042
6029
629
571
4881
3900
2610
6097
1365
5781
889
3544
1099
1928
360
5500
2051
7914
5279
4078
66
38
5353
413
311
244
6499
3774
8077
7179
43
1170
2244
14
5149
1512
559
267
7804
493
2015
64
4682
2518
7430
1893
3210
2323
2288
6732
5169
5626
5978
6344
7416
4965
732
2937
223
68
6374
8025
6568
3284
3170
1679
3784
4161
6852
8203
4
2420
6058
565
5991
4618
6896
7362
3143
5395
604
470
129
6129
555
5173
969
5791
2707
7354
1987
6982
2007
5901
405
3513
6561
4907
7862
3231
2439
55
5188
3754
323
3597
5810
2576
4256
1060
1323
283
4016
7382
137
1011
3752
7559
3994
1708
2071
5346
6955
6497
5545
3878
3354
7393
1403
3106
2359
5234
6336
3458
2289
4723
3909
3308
7456
7399
4509
257
5457
6071
5507
1957
7773
4565
8111
8255
1773
5760
8098
3894
5598
410
1524
950
3289
8014
6493
5602
2045
8074
1776
7091
2544
3840
4968
3711
6126
316
5494
3511
1357
6021
8257
7873
8211
425
3609
5814
4921
335
7669
7165
6800
4520
6115
3325
79
6368
4202
2575
1252
2592
1642
18
4490
4979
5437
3331
8173
3789
3154
718
991
6340
7745
3409
2490
1005
5864
179
1213
5058
3665
212
3885
1012
2376
6653
921
3103
2220
