5117
4730
4731
4735
1887
1640
5631
5328
7548
5644
7857
670
2580
1495
1435
980
2116
723
1023
6884
1809
2312
3911
1151
323
1416
3545
261
396
894
2030
3410
4250
5850
7666
1249
1482
166
1551
5660
879
1334
4915
3573
2193
816
255
3343
3344
5992
5576
6750
1383
6053
1729
390
1236
6366
7524
7569
6548
2649
3163
4163
8260
1882
2078
6839
4456
3212
6832
134
3379
912
5478
4172
2775
1902
5513
858
1749
521
526
1041
5913
5767
6001
6427
6241
8236
1884
3228
6848
1347
7582
6962
8127
6230
6606
1141
8214
1118
1132
3589
4307
4596
1777
7792
5900
5168
3763
848
593
4349
7134
7752
7308
793
5076
8011
4916
1578
7038
3424
771
1112
1574
445
1430
5563
2798
6160
1243
3145
2718
4338
568
806
1298
5960
5259
795
6438
5037
5128
6182
4944
6114
1348
5301
8309
4905
8161
7236
6940
4680
382
170
5831
6268
618
7387
6272
535
2265
6420
7160
7157
4300
2139
4126
3201
6539
8037
2920
448
258
7528
5834
7410
3071
2285
2765
887
8101
6076
3693
2981
7225
7763
224
6037
3948
6776
8103
6436
4222
5573
7550
782
6613
5397
6936
5381
2111
4684
6880
3967
5289
7110
5451
225
6717
5186
823
3064
2565
4129
5228
3060
2227
3124
7260
1470
4010
801
1786
4493
478
7822
916
7577
7435
2398
2584
2418
3258
2489
2217
4247
197
7021
5880
4153
956
3780
2690
7629
3362
7229
7948
8193
326
7322
5066
7427
3301
962
1167
287
8128
7156
4308
2814
2927
676
1317
1322
4182
6371
4143
4990
5847
6285
1373
6504
2144
2223
808
8194
7619
5203
2658
759
1599
3549
6124
6248
1600
6927
2994
6437
6544
863
106
4589
6877
8112
5109
2537
8126
5243
8216
1669
5777
1741
7950
3499
1158
3152
7071
3419
915
1194
5988
5548
5419
6620
1912
7828
2294
5281
3121
3451
4621
8298
663
4742
8275
813
4945
3871
8292
3147
3006
1037
3318
7210
728
341
7606
5197
5761
3488
3633
3606
7727
6007
5018
5535
3385
2563
1413
6460
7143
6700
6626
6635
6634
5964
6538
3908
6316
3514
6422
8072
1096
5641
2257
5204
5205
455
5124
7107
775
4406
8261
6728
6457
7525
7243
3128
5313
7106
1607
6980
8229
7448
4240
4127
5776
2804
6260
14
4736
2212
6545
971
5006
5340
2668
5997
3091
5033
2766
1016
1218
505
762
8039
3831
6067
1812
5039
770
4020
3534
3035
1832
3346
3863
996
5958
4052
1177
7599
1819
1762
3814
586
6621
1791
6833
6834
3087
7661
5844
7180
1288
981
4353
4057
6860
15
4749
3768
7213
5065
4276
4775
5088
4978
2238
1391
4025
6172
3477
3465
2207
1310
42
3255
4245
2151
5007
7613
4973
20
2349
1326
2988
1159
2361
2392
1074
3850
4819
5705
4310
5046
5434
6873
1254
2210
4044
364
5758
3023
6986
7139
6684
3567
2421
7293
211
6428
1855
6857
1070
5944
3082
1157
1173
5607
2446
7819
733
4274
58
605
5894
1710
1303
6472
1411
3873
7512
5744
4232
2755
2972
1822
7195
7936
7480
7237
2232
7541
6736
6751
6695
1022
542
1516
1049
3254
2505
2842
3551
2677
496
1881
6642
7696
3461
2829
7701
1135
2953
3393
8091
4420
2053
8240
2344
1294
2089
8120
5025
958
7609
5736
4434
6425
4732
4734
5105
4136
4134
5910
7232
5261
4219
5626
2220
814
2419
7367
7818
3350
7816
5527
1759
700
265
2680
6676
6659
6524
6453
8147
2007
1239
1939
5053
2844
159
2150
4859
1714
4246
1222
6275
1748
2850
315
2855
276
1572
7471
7662
5244
5315
1818
3820
468
7231
520
3460
5302
2427
5694
482
8228
4862
2443
2856
5615
2776
7455
5540
2251
3932
1143
6965
5907
1081
5265
1095
2602
3526
620
7644
2614
2651
6588
4348
2700
6243
3695
5329
5333
6541
2457
3889
2870
1065
2779
4480
6293
7678
6904
3038
8057
8108
5435
4475
461
392
3605
4210
7695
1847
5216
4026
875
6206
5746
7637
2262
3619
1667
4675
6640
3166
337
7200
4253
6246
3964
5499
5753
5750
1107
5140
8136
5377
6874
7985
7226
3734
3800
7109
4237
5985
2571
3581
7039
4164
760
7616
1203
3883
5845
7674
3979
876
6147
2519
2715
155
2346
4694
7356
893
2743
5770
37
7973
792
86
3843
1372
7055
2501
3601
1506
2750
4956
7612
1487
5856
5341
6406
6821
3858
4417
4104
6383
6440
4830
3767
162
7450
1285
3985
2890
8084
253
2941
2918
4866
3288
2886
4042
8151
3216
2067
6379
7375
206
919
5966
7493
338
2893
7970
6308
637
6051
3560
214
1337
3907
305
3537
7082
4917
5477
2181
4848
7988
5356
7632
790
5495
4768
5271
1447
4991
2357
5688
1376
7072
7764
3189
4033
4225
3411
2198
1991
7784
2533
1760
1866
112
2168
7607
1793
5624
1678
3133
1864
199
2058
7224
4007
3864
4826
8258
234
5968
3029
209
4106
1627
1941
4196
2832
179
1445
6386
2039
832
2607
846
2852
557
483
5466
4305
1457
2350
5983
6000
1508
2028
3899
7536
7368
3663
4137
5183
4085
794
1692
8221
3771
5284
6674
5611
737
2209
248
4197
4471
5652
3641
2535
1153
4477
2961
2454
3020
5279
2236
4740
7592
94
274
1856
3778
2068
1686
2355
322
3272
1699
1734
773
6527
7919
7376
5547
982
50
6819
5957
6546
2276
3896
4939
546
3206
8109
4176
8223
4841
458
2110
3356
5832
1008
1238
5048
3819
3391
1723
7999
1085
2683
1473
7615
7657
3588
85
90
2474
2746
821
6793
6959
2228
2867
1567
7810
3395
1225
7974
2991
7878
7206
699
1763
1988
1894
1377
596
5748
7088
6249
1926
1013
1502
2360
534
8177
2987
3531
2444
4817
2253
350
5056
843
3709
5861
1045
7917
2103
6451
4766
513
2655
3571
7382
7388
5742
2710
1258
88
8191
2833
8106
1072
6806
4504
2079
6506
3366
1875
1090
7472
4374
5647
1207
559
1264
955
3585
1859
3484
13
3186
2932
4096
2709
1889
1568
6570
1672
4144
2879
6430
1820
7808
3022
5454
8157
7925
4512
2557
4900
8129
1443
3099
5627
3113
6632
6907
1798
1801
7877
2763
7426
5543
2368
3457
4756
4540
2809
3558
1066
6755
4971
6824
4448
3194
5720
4101
4688
2107
7194
336
580
804
7169
3816
3720
4554
4914
3280
2514
650
424
3051
6373
5786
674
2484
3063
3225
2667
1558
2834
5283
7803
6189
3407
4077
5324
2205
6976
2503
4772
1395
895
5515
6863
1079
1093
3965
8021
5459
998
8286
1593
5948
4788
2838
3761
7639
7526
401
5851
3841
1204
4427
2596
4425
868
5491
7049
6468
3591
2992
7825
7421
1929
6584
3432
4499
6300
6846
6523
2378
2024
1728
5911
2423
8005
6313
7776
2723
418
5664
2686
4966
4662
7032
690
4392
5783
3684
5094
6187
990
3226
1366
2048
2789
3114
4447
7847
5875
6405
5567
99
6756
7478
1890
5789
4623
5060
3785
736
79
1753
2353
1694
675
7987
8031
4280
5252
6334
3476
5282
7849
6889
1388
2316
5947
3861
6389
5187
3109
6809
5445
2082
5714
1644
7643
7962
139
8020
5034
4435
7019
5268
4272
7691
2816
604
1399
4941
3504
938
1596
4278
1634
5201
8053
2161
3345
2566
4223
6181
4189
1648
1800
8015
2125
6945
7378
3416
5028
883
380
3938
1732
5795
2556
5061
3372
2122
3446
4753
7852
6534
7337
4606
3515
1691
2112
1821
7274
973
233
2703
5614
822
5227
4751
6171
4875
4426
1433
3555
4098
5716
7171
185
1518
6419
5303
1527
4880
6207
3315
564
2000
2521
844
6337
2617
4099
195
398
786
152
805
6226
165
518
2579
474
7147
830
4216
2416
6015
2751
6276
4442
5121
5517
8198
49
7742
3241
673
563
359
3304
2052
1142
1879
3348
404
1789
3702
1221
4874
1431
8018
111
3285
3678
7080
2644
6484
3474
5
2401
5095
2696
2812
1500
6950
7326
7675
827
3528
589
1680
703
7121
3788
634
2625
5226
7759
2367
7547
3005
5905
4791
1103
141
2732
3092
346
4831
3334
3336
297
3886
8188
1220
3353
2729
5590
2437
2393
4467
1595
4646
3582
3442
2031
5221
5392
2671
6691
1557
1908
3811
1270
7532
5635
2799
6974
8149
3538
4362
4128
6216
6424
2206
2970
4792
5994
2451
4496
5854
6073
262
738
6707
1779
2178
5394
5393
1009
3963
60
6845
1885
748
7196
1682
2650
7522
1266
2676
6694
864
2897
5482
2538
4757
3724
7142
4904
763
2695
7858
1999
4650
4329
2601
1834
1675
6805
5211
2340
7688
4663
4972
3849
2805
7614
4518
635
570
6359
3447
1974
1986
6803
5531
3662
1396
6522
7731
1735
393
4548
130
3716
8022
7503
6487
5622
5648
4173
724
6794
1469
1813
6033
1844
4790
4334
2665
865
3939
1981
1405
2778
4059
2281
5145
3838
1681
6614
1313
4108
1916
7781
8148
818
6205
3399
2184
8134
4000
7398
331
735
1998
6399
2123
2303
6257
7446
6733
4899
3806
7749
2757
2307
3467
1788
5264
3127
4385
4803
3202
2911
4964
7462
5058
280
3681
4983
1724
5030
1826
4217
2895
2794
529
1475
5897
4436
4929
3798
4855
2742
183
1044
5955
5682
7943
993
8023
1476
370
2381
2921
6409
4390
2043
6542
5723
1275
1269
1122
1324
313
3273
3717
7902
3910
5294
7430
1195
8138
7479
1747
2727
6802
4599
4316
4896
7402
3604
4092
4574
1674
3361
3774
5722
1738
2128
1958
758
4784
7673
2475
5493
2405
2406
8083
2323
2434
7537
6123
4767
8121
1515
6814
2476
3349
7136
3876
2245
2681
8045
6347
4327
3740
3370
1111
7324
1230
7177
1171
3634
7942
5971
144
1014
7489
1160
1653
1421
7447
2062
660
6858
3679
4940
6811
8017
6992
6564
476
2049
1311
2059
5011
6497
1541
62
6282
2849
296
5973
5417
2426
5713
1350
5295
3056
3406
5790
6010
1785
4545
4389
5766
880
913
7870
8297
3108
1700
1968
3506
4976
2277
7664
7146
5929
3266
5236
3294
784
2792
3238
8155
5620
5878
4514
8268
7735
716
1957
5414
2230
57
6050
749
2971
1598
910
2586
1242
656
6177
3566
3102
2006
3045
3918
1511
3741
5173
4001
7124
5081
5185
6217
1474
1990
3598
6649
5747
7769
1075
4629
3083
7203
8152
2046
7867
5378
567
1903
5180
5807
7126
3882
3902
7434
3174
1078
1392
6597
7734
4485
3400
7886
6245
3631
5633
1262
6188
5595
2211
7075
2548
7910
7207
7281
3762
1068
78
4963
5511
8294
1486
6639
772
2692
7362
2532
4954
1713
4987
7418
562
4490
108
7927
1293
4473
1145
4550
4592
5707
6766
6481
3966
3990
761
4980
6355
776
4133
6197
3627
8283
4986
3339
3912
3923
5754
7937
6055
442
8079
4391
992
1125
2682
5817
7484
4445
1659
5286
2878
7756
186
978
5390
8143
2509
5655
2177
2513
2958
4016
5052
7795
2077
421
1685
850
3642
7797
6120
3341
4199
7294
4754
431
1101
4910
2014
5967
6310
3054
7389
6768
4699
2345
2630
2027
3934
2254
6357
3118
780
429
5704
4495
5131
5503
509
2248
3180
4018
7922
1995
1542
6692
5409
3181
7422
3253
345
1867
2860
6535
1641
7932
6563
5022
5918
5959
926
3459
854
2891
2070
4558
2645
2188
3264
797
6922
7299
4005
131
1436
5541
5759
143
4564
1123
4783
2496
3881
7037
6587
4669
531
5137
5594
1784
3667
245
721
1297
2189
3997
2959
3839
4224
6391
451
7381
4174
2135
4498
5669
7256
1034
7833
285
2688
3630
1126
6748
7500
7717
1452
7549
2495
8008
173
7316
6737
3656
3579
7343
641
5738
5651
1116
5755
6697
6759
4120
4778
3970
5103
5202
304
5457
6658
662
1064
3865
8135
1949
2274
1645
6847
5592
5998
4184
5054
3758
2138
6646
5529
896
7621
5784
7913
5106
511
2892
2249
6256
2032
3512
1953
3111
6998
1056
5970
4097
1655
332
219
3647
538
5047
4145
5213
1550
1305
7843
585
4336
3270
2260
2502
5126
4014
1012
5638
5896
1441
1726
5043
2130
120
7394
685
1933
556
809
5296
5129
3658
3998
4737
5087
3097
2479
7370
1868
3394
2560
1284
4774
7373
343
914
5537
1459
5963
2342
6864
4795
1423
7517
6413
5954
7567
3011
5225
704
720
191
3307
5902
2769
1776
4970
340
4479
5691
5945
6854
4815
4177
983
2500
3968
4396
7090
1370
397
7793
3130
2190
5532
6921
1268
407
8241
2598
1340
3438
3415
4913
6790
7330
1289
8178
7885
1217
6336
6556
329
2749
7096
5785
5920
7511
7230
7935
1139
1771
565
945
6915
841
549
5608
8250
6184
2701
5370
3420
7265
4285
2919
7960
1631
3608
4761
5042
1219
2250
4162
6203
921
3775
6070
3360
6101
2311
2226
4395
2073
2957
4132
2937
3085
8284
7044
1848
8137
2490
698
2967
1190
2343
6835
8274
561
71
6314
6470
7026
7361
2438
845
7911
7329
1569
2036
874
2914
2670
1927
2894
491
7393
831
6628
695
1235
873
6341
3012
6503
7403
1215
7217
5249
1290
7634
6607
7249
616
1146
2065
156
6115
6303
4303
1780
5885
7079
7369
936
4279
6862
5874
32
1904
2167
6571
273
4593
1493
7893
2300
862
3369
1584
7761
7981
2784
2889
4630
3587
4670
4716
6291
339
1514
6622
1767
435
666
2044
4536
3913
7931
3996
5857
553
7086
5936
3694
886
3988
3672
7178
8195
1787
1794
2620
2811
6566
4252
2824
299
4054
2858
3325
4949
1415
3502
7133
4444
3278
3107
579
2869
7379
6095
5887
4958
3822
7164
177
6034
3971
3493
2561
6127
1742
3637
6407
5578
7045
3676
594
8006
7884
6745
2155
2791
3522
3834
2508
1697
6408
6061
456
977
7663
5206
929
3794
6163
4872
3327
2041
5656
2215
7165
8251
1619
3031
2099
4187
6154
1342
617
4481
194
3140
4152
6219
6146
727
711
4035
7766
2722
7158
7310
3069
658
1606
7850
2001
7401
2333
4946
5453
2759
7064
1084
5379
7558
1891
836
1781
1629
3455
462
967
8080
1468
4974
3281
1338
1830
1817
1241
829
3496
3302
657
1026
5972
1208
640
1117
4060
1718
61
7060
5220
2422
4744
6710
5267
6225
2158
1331
1665
6035
6227
3235
3207
619
890
246
5518
5712
174
4856
5930
6135
351
8014
2040
653
441
679
4131
807
4078
4166
4821
1810
384
765
4588
6767
7101
5805
7223
4414
7676
4982
35
4023
6360
3790
693
6792
8094
2570
5182
747
4651
1007
184
3665
4463
3248
6446
4722
1286
2613
6912
6798
1437
4206
3855
7399
999
6369
16
7482
3547
5193
5612
1545
236
7516
3960
7065
3328
7345
5519
123
5462
7209
7751
8154
2735
1605
6941
2654
6307
6060
4379
19
98
1816
3692
327
4341
7138
3
3332
4441
4067
4468
5490
1720
3725
4706
5080
3980
7150
1232
2096
2719
1802
2235
1580
1617
1314
2403
3924
6103
7605
1934
5689
6749
1393
7539
2978
376
6586
1646
3059
1512
6087
3146
7899
1919
1613
4333
4926
3453
361
158
677
2326
6008
3320
2857
5038
5989
4525
3760
7461
7939
7945
5112
1188
4273
2428
6951
1300
2086
861
5533
175
3922
2407
1635
7457
766
3167
6193
4957
6292
1155
7573
207
6993
138
8002
8038
2338
5362
3408
4933
6850
7535
6876
986
2585
1196
6478
3486
4075
789
2459
6042
5937
2684
11
6521
3827
5083
1625
4858
6279
3593
4372
6324
3105
3144
1163
5681
6720
3731
7559
5012
452
4979
2582
1717
414
3299
5208
148
3337
6063
1662
1017
1554
1361
4729
6830
1307
4884
146
24
2795
4566
3781
1654
8205
4038
3018
539
7909
2531
4408
4322
796
4268
4624
2117
4551
4202
1253
3158
2949
8090
2291
2458
212
7007
8248
4617
1751
2088
7182
4474
4497
927
3093
5984
5335
4672
7796
2782
5162
7003
5446
4585
2646
2534
4111
4635
3388
8263
4249
4637
5586
5318
6537
7750
5358
362
2026
2019
5680
4094
3659
1944
6367
3197
2462
1419
4036
984
7247
7077
2530
5536
450
3686
5359
2152
3398
6702
3613
7341
6599
4758
229
4265
3007
1517
4146
5027
5176
6716
4928
316
4156
3799
4626
5715
4527
6302
1705
583
2635
4190
3274
2785
6996
4048
3721
7227
5062
2452
3250
1494
6351
4500
6441
3747
614
5073
577
355
105
7972
8265
7258
1594
6368
3617
924
4893
5895
3803
1858
5014
1137
4332
7986
4552
7122
3431
1318
1186
686
4636
1055
114
6447
8276
5040
4645
5253
610
8092
457
3577
3491
6531
4711
52
781
5692
1263
6018
6705
7765
7723
5921
7271
3817
2415
2881
7794
2930
3909
2371
1432
8123
3833
2185
3170
1548
1928
7736
1304
1077
7463
5487
3215
1943
4685
3706
5287
5855
1814
6638
1977
2527
2191
352
7501
2810
4369
7255
5696
6251
6868
1924
140
972
7611
1857
1996
3611
4590
5275
932
3961
6602
928
5870
6102
1006
5306
4384
777
1144
5317
2797
6078
3251
8296
4071
4533
6870
1582
2901
7097
4724
5888
6058
3160
1089
3818
7836
489
5623
7854
725
6957
2309
7238
3498
6421
4895
3485
1743
7321
5616
4633
4158
470
6888
5927
72
2945
68
216
7684
4194
267
5118
4541
1020
5801
2884
951
1978
3169
6934
4713
7600
7355
5872
3338
713
2076
2786
2258
3414
1152
3021
6166
4575
2564
6815
3396
691
7651
5134
366
1121
3620
1097
5756
621
142
4528
954
5369
4549
5739
53
5904
2543
3632
298
510
7268
547
6604
7056
2558
8089
56
1200
1679
811
6109
6066
4507
7989
5574
6323
7102
6150
275
1522
288
552
6026
4428
4012
4537
900
6530
5111
4121
202
1439
1948
2896
8088
3383
5266
7309
3569
7454
3749
6701
2136
2741
3812
599
5996
3730
3323
2283
4482
1918
8105
1108
4371
1038
7640
7724
5241
856
6505
2470
584
395
1149
3468
4898
181
8070
3492
582
3171
5711
1325
1420
3777
3559
3268
3463
3898
7513
4800
1047
1127
7790
1559
6629
480
8267
17
4149
6326
6194
36
1265
7116
6247
7774
6772
277
6009
223
2581
5310
2270
8003
8098
268
3436
6263
3553
1528
3094
7179
6918
7955
6711
4714
5144
7623
812
1706
3713
438
3494
7161
5809
5571
1854
2739
6333
4844
7449
2576
1414
3452
2685
1538
6238
6322
1400
4903
281
7748
411
7757
6152
433
661
3095
2574
8279
2194
5077
6149
4006
4938
5404
7314
2944
3232
5246
2529
109
5810
5375
5100
1352
3825
8066
2471
1010
6348
5636
6816
901
5982
3373
2420
69
7118
466
7773
1229
2080
1740
6709
7966
4151
5565
2964
4930
4354
503
2993
5577
694
533
3089
7914
4925
7043
7234
7047
8288
2118
6911
7921
3541
3376
7598
7201
2524
3199
6902
4301
8183
3879
949
2370
1105
6512
7456
6378
4040
7436
1535
1937
7030
6231
767
769
905
4923
2575
3126
3649
1950
3386
5436
3161
3483
5214
1333
6837
6375
6426
1946
1110
1591
1622
6388
110
5480
8175
2955
4088
3556
8059
2255
3321
1450
7737
2331
2119
3723
1080
5931
3877
7439
1210
1951
7739
5425
937
897
2946
6956
6680
4613
6771
5981
189
3055
6176
5413
103
4029
3165
1693
3977
2848
629
3380
7817
5123
7311
3271
4360
3368
54
4200
479
2373
7498
5234
1154
1150
7593
3653
1975
2546
2965
7470
7078
5309
5322
7292
7278
2171
2916
7473
750
2986
4405
6903
7205
4440
4908
1501
5113
5839
2847
1505
6519
149
6589
2663
6116
3718
959
669
739
6392
5757
644
8168
2445
2820
484
2717
8117
7094
7477
3074
1540
1544
6507
6133
2234
6611
5486
7339
681
8201
523
1063
5084
752
6495
1797
2525
2506
3736
5157
7716
1323
4661
1403
3505
5395
3365
558
719
2035
7635
4242
6222
6561
3378
1803
3198
3137
250
5248
8140
1696
2923
5269
3580
2943
2603
6218
878
6908
4317
6585
5523
1796
4698
519
3262
3646
6455
5735
3390
3042
135
4089
330
4260
3439
7740
102
6660
6799
4286
5717
2623
473
2324
3836
6220
3448
516
7040
417
2590
2269
6559
91
4695
6104
6734
729
6130
5924
3234
6675
5115
609
4996
2652
5064
8029
7089
3564
6111
5709
7054
1003
5580
1865
2399
741
742
2319
5804
4851
2202
7233
2912
1963
652
3597
3418
3703
3046
867
3355
1755
8245
603
8087
6365
7905
6573
7896
5550
5411
2541
5562
5564
2240
5678
8202
3110
5769
3077
3052
45
4087
381
8305
3219
1175
1712
4459
2308
5701
2104
6332
2693
2664
5178
4178
2186
213
7647
1471
4608
5946
6955
1306
6645
4361
3927
600
5922
5250
7132
5582
6619
5820
3151
2846
1932
4068
3358
3322
5654
1597
6143
1178
7747
1082
639
888
5116
7306
5980
5431
1274
5613
2494
4696
1666
7707
8310
132
7332
492
3654
309
6773
2724
4122
5665
5389
3962
4483
4743
29
2057
420
1472
4469
7824
6836
485
4186
8125
3039
2629
460
6138
6185
8004
2047
3221
4889
7014
2488
2429
5884
8012
4220
7545
3075
4053
1719
3680
4660
6077
3106
4181
82
3645
730
2341
1966
7785
5485
7159
2439
7894
6779
3959
4047
3001
2995
7929
115
5438
5177
5189
940
800
3535
5539
7889
4882
8197
6444
6028
3752
3354
7320
5618
4261
4728
4154
7050
6859
1062
5772
4580
5628
8113
5152
1537
4807
4601
314
6989
7253
5764
2396
4557
7760
5868
6662
2197
5775
80
1461
6528
2975
2871
2298
5873
6250
6244
7000
5828
469
4526
2233
8062
3826
116
522
4171
1005
6653
7687
2790
4997
527
6517
3384
1909
1608
3638
443
7642
2880
1359
8170
3757
4244
4478
1033
2924
4931
7199
3179
2229
8277
1371
70
4209
6443
592
1660
300
7504
3739
5995
164
2526
4084
911
6804
3870
6726
3203
6464
2322
602
7826
4359
2928
7597
3382
5583
2295
6344
1000
7349
198
5153
3231
5195
4304
7024
1651
7202
254
6144
7782
5860
2555
6510
6738
5198
122
3230
2243
6485
7276
7654
853
1098
2196
3263
3134
7189
7771
7770
5400
6777
7415
6827
8249
5133
6202
2163
6747
2033
6032
7325
7617
1332
5596
4234
7745
2877
908
4700
3989
8028
3422
3359
708
3501
4693
8222
1227
4999
1878
2183
545
7031
3177
5794
5367
5679
7812
2337
6687
2935
1209
2936
7335
6655
1536
6174
369
4350
6885
7491
426
7579
6663
2121
7437
7123
5108
5257
4517
5803
3711
7451
4776
4412
4211
8255
6914
1764
8139
2363
2539
2442
3389
6339
5572
8075
7252
5354
2273
667
4072
5787
5521
7505
907
2899
906
151
154
3003
3283
1668
1054
1380
1513
2934
7015
2124
6978
4147
4921
3807
2499
5068
1587
2843
7034
1956
2306
454
1709
7016
4869
5376
2305
208
5818
1892
2974
5365
5443
6148
5621
119
3837
3326
2874
5708
1703
892
3289
6714
6856
665
7853
7057
5416
3897
2374
271
2114
1252
3037
8085
1688
1689
373
569
4951
4079
4502
121
5545
6849
7581
2394
3615
8064
319
2851
1061
834
51
3450
5933
5044
4148
5760
416
4656
5520
1156
303
6210
6294
408
1737
5101
5962
3527
4476
2264
3310
2883
6899
2435
6555
5164
4760
5534
6831
1309
8208
785
3193
1586
7333
8199
5986
6678
1193
5232
5698
6783
3032
5448
2090
5916
768
4031
1702
3275
7775
4080
7561
2365
2390
3795
7397
2241
5782
400
4204
5734
7423
5498
8009
7046
6786
6091
7952
512
1876
302
1231
3479
970
5792
7428
7866
4981
2712
7888
6094
692
683
5403
3377
5405
688
7269
7543
4062
1775
530
5556
290
5276
8173
6374
1185
7289
2827
1295
5288
4961
3401
2101
1120
289
5350
6036
5585
6100
3554
4306
2375
4411
5075
2985
8211
826
117
731
5277
5883
6140
4638
869
3309
3296
7081
7604
6417
6480
2003
8169
7743
3755
2351
3417
440
1973
41
3748
2115
4413
7425
7151
2029
5270
2653
324
1316
4461
5311
2473
4829
1198
6518
4356
7419
1291
1676
2612
6165
463
506
6045
572
8146
6591
2553
4942
2129
8048
3080
4886
4183
3728
6558
1773
1386
7908
4410
3454
5442
3933
1035
6879
2977
4221
8027
2777
4312
3043
3935
4655
7645
5320
4935
3602
9
4082
6910
5351
7287
4555
1921
6423
3941
3306
264
6141
3917
471
2707
6683
147
6785
5599
5841
5089
3869
7023
4452
2095
1922
4723
402
3596
4924
5426
6499
6851
4733
5906
6758
1328
406
706
5953
5255
7994
3524
5990
4409
2752
2787
754
4534
3374
633
3497
2060
113
5004
2354
3129
2239
6394
1815
1021
3671
4492
7163
941
3466
3481
3182
623
2866
1251
7809
995
6069
882
974
1451
3443
965
1046
2569
923
2204
157
2706
243
3175
2172
1164
2622
2990
6865
6985
6023
4465
3995
2447
1213
2025
1695
3840
2491
6971
3464
1825
5242
3405
4989
2397
3192
2364
3824
6158
8131
453
6953
2713
4676
5484
2962
4741
501
707
6844
1843
1216
6842
2203
8055
4114
1076
3317
8189
8071
2021
44
4501
3019
1466
244
6403
6615
902
1169
1663
4320
3793
7380
5143
6866
3975
555
488
3183
3829
994
3712
3722
8167
502
7570
3040
3330
4130
5773
423
5110
8016
7187
7413
7557
8246
3284
1170
1498
437
226
4254
5588
4030
4834
4805
5483
2431
7377
1945
178
2387
774
689
3851
8156
415
5082
8043
917
1965
2069
6761
8096
3845
6382
3786
436
5862
7830
1841
2697
2246
2380
4686
2589
3371
4393
1930
2271
920
7638
2389
2388
2450
6086
2632
4871
1029
7317
968
7485
7834
4738
2828
6991
4415
3430
1989
1312
1962
3847
353
5057
8046
4141
6791
5016
5239
7832
6025
1982
7624
5901
3125
2050
1260
7211
4631
3893
2691
5952
1642
3015
1811
2224
2573
1109
7755
4297
4960
7006
386
5171
5071
3208
2523
2304
7244
3308
7235
5149
5336
308
7720
3000
5194
1211
2966
7190
4870
6312
5546
7420
2485
2624
10
4524
3866
6795
7010
4674
4879
2673
2339
5685
2704
2998
2647
7290
31
5224
5575
278
3857
447
394
3470
6283
5893
3010
4008
2781
5222
1677
372
4347
2134
2127
2400
976
3313
5059
840
7305
2639
6494
188
2200
6482
2042
6092
2299
705
2097
1683
3404
5843
235
4822
6006
7589
2480
3115
8234
6435
3600
220
6074
2091
2182
4673
7924
6002
1018
6064
4634
5731
5449
7004
1086
756
1161
5871
1417
6059
439
2084
6608
3936
2542
6627
1914
2231
2461
7374
1761
2595
8187
2983
5892
2109
1824
2516
3123
2960
7042
6878
5950
125
7443
150
969
6168
3517
4965
1483
5496
34
2592
1427
5191
2441
6731
5364
1398
576
475
7270
4037
2687
6500
712
3930
824
1467
240
2214
180
47
2708
4888
3112
3117
3574
3937
5219
4045
2213
2823
8219
2120
6232
7241
4378
1491
1024
238
960
3333
1031
4365
3568
3945
7726
6746
4422
6775
6110
7386
2730
7257
8218
2633
3088
205
2772
6515
1228
2372
2608
5514
4765
5658
5727
3277
8281
872
4069
3352
6252
5346
2756
344
7385
1643
6204
129
2837
1019
4867
3532
4257
4472
7262
2011
4719
3616
7266
2817
75
3523
1940
3862
1960
6890
4074
2498
2417
1397
2863
6098
3920
3973
5838
4423
3279
4720
2518
8259
2861
6995
3727
0
3314
1356
1379
5836
3397
2280
4907
5352
7788
835
1828
5650
3701
2054
1993
2515
3810
6415
5935
2754
2643
5530
7357
5150
8217
7036
1835
5233
2066
2010
5245
1850
7149
1961
30
3704
2320
6362
4532
2917
2263
2018
2169
1733
4346
1862
2154
4863
161
4562
311
4314
7767
1840
409
3766
4227
8158
318
2888
3298
77
1671
6630
1650
218
8235
4055
6173
6984
5781
548
847
3543
5509
8145
7533
2377
7711
2440
1980
7364
5300
3991
3652
7359
7993
465
4066
2721
4653
6930
1100
1206
7652
6594
4707
551
28
8243
1754
4671
7170
4002
3797
2803
5418
1766
2528
59
4491
6145
8171
3319
764
783
4103
4160
5323
2164
4546
7259
6082
7883
8203
247
4165
403
2432
4894
6875
6610
4201
1576
7506
757
1633
3009
498
5031
1769
5240
6881
1883
1381
5247
7804
7933
3525
6670
8273
325
2015
5934
1936
1531
6550
7303
2770
8041
7352
5229
3086
1408
3595
7172
5305
3891
4840
5467
734
6972
2554
1984
1499
7800
4816
405
1329
3746
7979
7683
7722
3743
7111
2859
2672
3303
5430
2335
7772
5544
2359
6458
5385
3428
3668
2081
6084
8257
2012
899
1358
118
1861
1308
8256
3919
7562
3828
4572
5163
2208
3557
6579
810
1555
4093
5412
6637
6797
6261
2698
7051
4746
7313
1987
4665
1792
5659
1845
1632
3287
3640
1910
256
3437
2453
5780
6319
4404
7669
6828
3705
1590
4952
4857
2626
7904
377
4125
3425
6843
2385
849
3844
5387
2728
6958
3707
702
1938
5864
615
1440
3954
5489
2549
7627
6461
5000
4214
2037
1124
3529
3500
5749
2483
4150
1959
6358
81
2711
6968
571
4198
1564
6075
7730
925
5802
3609
1448
7556
7214
950
4192
6944
2875
5020
2147
1346
7063
4556
449
3132
3914
988
918
1255
6567
6598
2366
6740
6024
952
4039
7103
3916
251
6021
63
4013
648
3116
3852
6625
1898
5272
3347
5796
2362
6016
3946
1994
2412
8289
3103
8035
5312
4747
3848
5159
3324
2547
7277
1583
1839
3983
2083
7983
6724
7650
5914
6284
4725
6723
8206
4381
1343
1970
1778
5464
7384
3854
3058
1165
196
2808
3974
6223
5800
6939
8253
3696
269
6516
1874
7641
2904
1277
2448
5298
464
1428
444
3090
3673
1456
2835
4193
3669
5338
2854
5674
7940
2325
4382
6488
2619
127
5455
1730
7851
755
7254
5737
4962
5215
5865
3901
6533
591
237
2166
279
7762
839
7521
2606
1871
239
1807
3138
7839
427
7998
7704
4043
5791
6253
6295
1362
3670
3955
2358
5542
6917
8287
7891
5497
6071
726
7416
65
252
1496
7017
293
1327
3764
8210
1073
587
4919
1113
6414
8056
2092
7699
4167
3655
3697
7982
710
7798
1489
3791
2314
7499
987
5423
3265
40
43
4571
7591
5331
1708
200
2266
3789
7372
8213
2252
1661
2674
1523
4752
3247
5410
2825
286
7228
6807
368
6445
2141
687
5472
1964
3957
4076
5321
1051
6380
7692
6580
6800
1410
7104
3079
2956
7263
1374
1364
7601
6840
4597
3784
1896
7191
6636
3433
8269
230
1320
7198
1503
259
4520
4583
5319
5649
2642
8110
1543
477
4887
5842
172
5740
6838
4573
2801
1223
4357
363
3874
6142
709
136
3286
5956
494
649
4793
4810
413
3614
5415
4073
2087
7542
46
1869
1577
3657
4607
5560
5507
333
5729
6005
4579
2813
371
6301
6237
1246
4407
2430
104
5752
7475
3196
7682
5254
1299
7053
778
3782
5138
5130
3458
5806
8013
5824
2005
2464
5155
3700
160
1893
7672
6043
6136
4017
5666
575
5762
718
8212
7881
182
7602
5363
3076
22
4531
257
6107
5184
554
6987
5372
3295
7702
3714
2219
3008
7140
1639
5788
3931
5765
537
607
4591
3887
8231
6014
4437
4748
7221
6575
2900
701
6616
525
3335
7938
3233
1353
387
6161
3381
3792
8295
1091
6065
8111
5506
6134
860
3292
4892
7028
7829
4123
2433
1905
6661
1479
5337
3017
5179
1852
6886
1722
5604
5072
204
574
3813
7861
1030
7693
4968
866
1546
2061
1533
3520
1464
5609
3209
642
2898
7429
7978
1462
5156
2504
1804
7777
7856
5353
356
8162
7360
2969
7659
2758
732
2467
4806
2951
4115
2705
5570
5849
1129
638
4726
2661
7984
8068
4159
2455
8073
6213
2591
5579
5732
5879
1684
6254
6647
1463
3783
8280
2689
4632
4594
4936
5553
3162
291
4959
7544
3561
6664
740
5051
5554
7099
3462
4854
4715
1630
3236
6079
1248
7837
4721
5528
1271
3329
4256
2678
5167
1367
2098
2864
3625
5625
3664
6012
4112
8
4226
4110
5877
6153
7901
92
5473
696
7246
7469
5524
7920
7941
2600
4600
6990
4547
5036
4056
1507
8069
5743
3229
4538
4595
6595
7944
1425
8307
7677
3544
2544
5188
4544
4885
5107
5891
3603
2282
5067
7395
358
39
425
4449
6304
622
1715
1011
6280
2225
4457
7497
4649
4061
334
4969
2583
5690
1842
7025
1997
6325
1570
6167
5463
7280
5475
948
4658
2199
7346
550
7459
1658
2020
6017
7997
5500
7560
12
7992
153
744
1148
1442
1385
4161
2174
217
1345
2093
2807
481
6896
966
176
5561
3363
4897
4839
613
7628
5263
432
4455
6949
7383
2013
5939
4453
7667
1971
5876
6562
3809
1690
1736
3546
646
6309
3578
5869
2876
2055
96
6665
7926
7239
1698
5380
1199
6719
4519
7212
5424
4309
1247
8239
5357
490
7862
5029
4616
3135
5292
335
430
4004
3772
89
4296
1083
5940
4255
6808
3744
4021
5479
2999
2051
1526
21
881
6305
5603
608
7186
997
5598
2597
5932
4602
6948
8293
7108
514
5494
6508
4864
3259
4553
5001
6490
4948
1656
5217
5852
5552
2247
292
6117
1058
5002
5589
3440
560
5693
7947
5814
1280
1060
5465
3950
7273
1477
8124
1497
6479
1025
5488
6338
5617
6796
6215
2637
4605
1365
8118
8172
6199
2559
5793
714
4418
5700
1369
18
8300
935
1552
3357
6429
2562
953
1925
5566
2774
2604
3859
3471
6609
6624
3036
2336
5639
4028
33
3245
1849
7400
8230
8181
1886
957
6274
7875
3244
6286
7783
6342
8192
4804
2382
2297
8209
7871
3900
428
2788
7092
6752
6381
3618
2009
3143
6975
1721
7906
2593
3808
7408
4773
5344
4119
1426
1192
6200
1453
1782
8224
636
1731
3178
5697
1783
1272
5433
5096
3331
3906
4710
4139
3867
3211
2063
5237
2132
6782
6605
7509
3305
23
7363
1245
7137
310
55
5432
48
2017
4330
260
1985
3885
283
8278
7474
6
7452
2840
7718
1115
3084
2272
1725
1752
5974
2071
6784
1711
6052
8290
1282
5148
8270
266
606
4091
4019
3878
4860
536
3972
7183
3004
5602
7799
1831
7596
5808
8049
4058
1863
4995
5516
4702
815
946
422
93
6713
4462
6718
508
2512
6893
7371
7312
5437
1954
4116
2745
7464
317
3482
2449
6612
7566
8122
2293
3915
8042
8133
1770
753
7192
855
5830
3926
3412
7125
3513
2180
5207
4344
4786
5549
4535
5903
5702
4967
6703
5768
5441
3572
3750
6841
7058
4994
2950
819
4003
2853
798
6672
3753
1976
7869
4975
1911
64
2771
3648
8291
3754
7587
5003
7584
38
1402
2328
8174
7741
4284
5049
2740
2126
4203
3584
3191
3978
4659
4703
6686
3969
272
5278
499
3030
137
4138
3660
7859
126
242
2640
590
7204
5978
1134
6397
4208
3830
221
2425
294
1979
4705
2221
1983
128
2634
6739
7338
6689
7264
651
1757
4140
4577
2256
3392
2391
1104
5991
7534
595
2131
799
2793
2819
1478
7586
3409
6722
3072
1808
5386
6897
1805
5999
3351
1067
3868
2748
1344
2925
2463
628
2113
7916
3421
2492
7445
6643
7240
5196
3921
1389
1444
6963
947
5165
1621
1716
7406
3940
5136
838
837
3888
1138
4275
7821
4697
1906
961
5384
8142
1182
7990
7396
6727
7296
3745
2289
4109
1745
6994
7890
3735
3340
1592
717
3516
2638
1895
4992
2780
357
2800
6729
7915
985
2408
6350
3214
145
4912
1827
3429
7285
1197
4439
1449
1071
1931
3024
2159
7409
1615
4838
6492
3495
4850
4985
74
6817
2218
2826
1795
2551
4569
3884
1897
2288
1202
1877
5017
7261
7412
3835
1589
7746
746
7433
5141
7069
3154
7897
7879
6212
7633
2738
232
7694
4824
4712
4118
6281
7646
624
3821
6601
2616
6022
1069
4825
1838
2660
249
6290
5653
6721
2902
943
2865
7354
1829
6311
4063
6431
7789
399
2275
3403
5938
5492
84
5330
7900
6735
3188
1302
7656
5730
3682
6931
515
3034
828
1039
5314
6829
4515
4820
5427
1701
857
2815
543
6891
682
169
6450
7022
6894
7062
5070
1907
5853
6887
5710
365
4843
7571
7074
495
2004
2641
4709
2352
3550
1283
7578
2108
8081
306
493
898
4657
5069
6633
6592
697
5212
7768
1833
1357
612
3880
1836
3688
1823
3738
4124
2510
5139
8074
3590
544
5406
2237
4263
3846
3047
1147
4293
7066
2296
3984
1492
3044
7453
2315
7529
459
7655
5630
1412
8266
2201
7807
2045
6228
5063
5019
7340
1664
1004
4823
2989
541
2175
3586
2631
3769
1588
6056
7167
2424
3548
4331
8163
5925
2133
2910
7713
7424
678
1768
4543
1947
6926
6030
1
7291
1301
66
7176
4212
4421
1520
187
6852
5569
1292
942
168
4
87
2034
3999
1179
8050
2290
2887
5251
4086
1059
2085
1628
4943
803
7070
133
3890
4812
8086
2552
4416
3872
3570
2465
5307
3136
1488
6019
1088
6473
7971
2656
4794
6741
2679
1687
2414
2022
3168
101
6356
5015
1394
2669
2997
27
7658
4581
1166
1168
2783
4487
4168
1837
2963
5733
2302
2659
3575
434
5663
4627
6673
7873
3773
167
1053
1052
8264
6900
1036
4586
6390
4523
4932
6590
6387
3726
5481
7129
6121
193
6106
6681
5719
4799
3243
8078
6778
6097
4402
833
672
6489
1612
5429
1806
2868
7515
4027
8099
4401
5345
4024
6603
7874
3628
852
383
6822
4584
2486
7358
1042
6364
171
4218
6125
3765
4376
528
4811
388
6277
7648
7934
4881
4977
4041
7949
5008
227
4582
1920
7975
1636
4522
7572
190
2100
6363
5551
566
6126
4883
2929
7626
5192
1790
3205
3607
787
1336
3081
1446
1758
6129
3427
7083
1276
1094
5005
904
6048
3832
3779
7680
2383
3002
1481
4516
3894
3953
2520
8254
745
4559
2947
4568
1184
2908
342
7460
2173
1224
3413
7508
2796
4364
7
3650
6011
5013
6743
5398
4796
1579
6671
6906
4654
4083
4011
2
1480
7334
1637
7005
7729
1454
328
4157
7980
4587
1315
2926
5169
2321
1524
7530
3210
4105
6872
3511
1099
5525
517
3733
231
588
4135
3666
934
1739
8065
1205
7113
5402
1048
6704
7710
3282
2436
1602
722
5408
83
1287
8019
1485
5942
124
6410
5181
4239
3104
6477
7087
4955
1212
210
2522
5866
2599
3674
375
4801
1873
4813
7758
597
2984
4022
8119
4618
3217
5175
6511
6525
6029
1765
1484
4394
7876
7458
7842
3982
6081
6486
7327
5605
1390
5976
2761
7806
7488
7957
2347
100
6190
1860
6493
6105
4243
4950
7272
6982
611
3048
7076
419
5470
3904
7166
7068
3387
5917
3776
6789
6224
6096
3375
5977
1172
1704
1872
374
3475
2764
3027
1296
6730
504
7665
7864
6742
6139
6108
6162
7093
1923
2909
6483
2931
4430
7304
4179
8285
671
6003
7444
4565
7366
3159
5476
3592
3860
6600
6049
4639
7219
7738
5458
2179
2862
1375
4687
1611
7417
5961
7073
6474
5908
3805
1652
391
7442
1870
6732
4345
1189
446
5172
8282
8215
6393
2379
7336
1774
5771
3157
2244
2242
354
680
5724
2768
1772
5151
7465
1504
1799
1750
7880
1899
909
2376
6666
6529
2540
7653
3364
532
6520
7855
4081
6788
8040
5899
2148
7996
349
4530
4509
4953
627
6151
751
282
3636
4901
601
1851
410
5422
4351
7131
1604
8095
3853
598
3131
6080
5912
8180
2313
2903
5863
6820
4470
8244
3218
7468
3478
2610
7440
192
859
7275
1114
842
4169
1530
2493
8302
1952
3120
2477
4576
1267
5619
3190
4207
5559
7404
5170
6031
1407
284
1027
4170
7703
4690
1649
3539
7286
7184
3100
320
6818
6047
7392
1727
1647
8077
4377
8025
4876
1935
3994
2873
6708
4352
2611
6942
7563
4113
6757
312
7267
228
6131
6340
6568
4464
6201
5837
4762
2733
6569
5993
7091
3041
6157
5797
1571
524
903
715
889
1002
991
4682
360
