108
2163
468
4803
1909
327
1974
1612
1875
775
491
294
1512
1528
520
1197
377
1286
2595
1210
48
419
122
395
9
160
3578
323
768
2894
1315
4001
3543
312
299
855
830
1305
2654
168
3105
5569
1313
2528
1687
1252
2237
1773
2435
2117
363
177
5250
94
996
118
265
1316
2494
2116
7060
384
1728
3417
3004
6005
245
3764
3664
518
156
366
5269
131
303
559
141
615
506
1399
2004
446
2417
1658
8016
365
260
1117
5180
1904
372
2230
1072
544
445
14
1883
715
80
942
125
409
1923
1980
1947
2
846
694
361
703
2010
4035
2437
587
2580
980
290
2037
5775
3345
819
4060
179
3498
243
2769
2651
458
5163
2159
5416
287
2293
2503
460
1311
279
1860
280
5033
1986
492
4207
1095
1307
269
289
328
7296
6161
2003
2245
966
517
1807
3602
1886
766
6371
1302
1815
272
4761
5272
1403
602
7421
40
832
3785
4013
471
2508
2350
853
2429
139
5279
2766
57
1218
725
811
3997
249
571
551
526
4026
281
1877
4014
1380
41
1069
4022
5251
114
2770
456
7875
2235
5658
1739
1337
3700
452
7773
3427
2020
264
4796
532
2895
1310
5
555
716
3284
5084
1931
3505
305
1939
5254
894
43
1805
3769
4011
949
5271
288
600
2531
3788
2833
1895
4352
1222
3820
621
816
3081
1216
3652
904
3780
2446
252
4028
257
3495
3746
590
159
1814
2424
2125
2426
255
3372
60
3374
2134
134
129
5004
311
7233
2232
576
2683
1518
2871
45
2960
722
3550
1924
3789
4786
574
391
308
2934
895
782
1954
2457
1837
838
235
111
2530
4002
3999
603
7232
985
82
5049
244
1232
444
341
2443
380
4052
8211
2242
8188
104
1889
2730
2416
2339
1854
2244
1204
475
50
4024
2006
588
3548
8202
2452
6489
1309
293
5182
83
296
5560
7804
4882
1806
2532
2120
2432
2673
2359
1863
416
417
2604
375
549
7420
4037
314
174
3231
441
6018
762
480
5255
1576
2029
191
4010
166
3526
4686
586
529
8217
3075
548
2433
7600
554
1157
2083
3216
3600
4017
1225
4996
4150
2451
7871
2486
271
276
2441
3813
390
4752
5901
3774
7273
2899
322
340
184
1304
1366
890
135
331
7359
579
1145
1156
282
4726
3812
1879
121
5042
2534
88
447
505
730
18
5220
736
2025
4143
81
1538
112
102
1715
2804
5014
4138
2425
376
90
2586
171
3728
68
4075
4018
3433
3039
3736
814
2434
4743
2208
182
8201
381
962
435
310
316
79
6678
1373
6859
1949
3376
1231
1296
1484
7385
17
7230
1820
1872
941
3088
4
4919
848
4204
225
3513
3660
157
158
5805
7392
1676
1038
3322
300
3430
1709
64
6
7258
2097
2788
1167
5058
1217
247
274
3341
4145
148
2674
2124
3036
1415
5150
2518
51
4751
3396
470
4027
1531
6078
101
1308
2357
4006
49
186
3601
214
4093
150
6789
1881
5006
2155
6836
1437
670
1170
388
546
3972
251
3855
261
7231
2582
1334
3862
627
1229
1675
5139
451
1749
7249
3491
607
5627
401
410
780
542
691
2758
93
3303
4007
2592
2868
465
552
4008
3308
2042
5800
4928
4766
3597
513
4019
1708
2092
1952
700
729
239
5179
2345
262
292
256
4655
6902
787
3778
676
638
1303
3803
7746
1663
957
8018
306
1137
1831
349
1314
7641
144
6086
5438
164
430
1062
5910
5149
5264
4005
5405
6800
3196
87
3935
3363
1219
538
2471
6336
3354
1812
1870
5850
1123
7666
1866
4247
3408
127
4202
353
2719
3663
592
909
3496
1757
564
286
3665
758
2444
844
2617
5314
1006
173
610
3591
133
3888
4935
2040
1929
3867
2691
2132
4616
1289
443
2039
2338
2007
2607
5192
1763
317
2814
1951
2019
4078
3713
3005
2414
2193
5715
2258
6852
689
1936
2396
3352
4800
3673
414
1440
119
1868
4497
4490
1474
609
1449
583
2194
2998
4552
185
1530
6098
528
1155
2819
7116
466
3021
138
2888
2428
116
1381
2418
2898
457
2248
956
1828
3292
5791
6116
1470
2748
5582
8281
6497
1752
242
77
24
197
240
3206
394
5486
3784
1396
23
4156
4660
5173
1976
1099
606
1946
3834
2439
2533
2692
2732
1064
667
1213
5265
3857
3377
6868
3406
1783
1059
440
905
1775
984
1633
333
3084
4412
69
1667
3730
572
536
3870
20
4940
291
5259
2495
1379
369
553
2438
4009
3922
1209
5277
994
2613
2220
601
7203
1023
427
1504
8095
5066
5457
3822
5188
598
442
1922
1642
1526
8294
1602
8296
4012
7278
6034
1779
1697
3035
1776
1732
3383
3965
5061
1834
620
7765
7876
3680
1371
1065
1817
2173
981
818
2034
7373
3272
3761
3983
136
478
246
986
132
541
268
2130
4912
0
31
2454
2458
3659
217
109
382
3767
535
56
847
2074
1020
1414
3392
1953
5626
3853
1100
7669
3454
3738
6955
368
8224
4961
3662
2630
8128
567
2030
5300
999
3541
1012
1515
4020
5181
2257
6841
4941
4135
2556
3360
1031
344
3936
585
5797
6840
232
3504
558
951
936
461
3386
285
431
835
4972
3012
1132
1726
976
2865
373
4811
2099
7270
4073
4994
462
809
4104
273
3998
4023
4733
3467
3970
1890
5214
2240
5532
3007
6344
2832
7850
6776
8191
1000
1989
4917
59
713
719
62
8
5781
7402
250
2852
2855
4381
5353
3355
3753
582
1857
669
1928
1393
7430
1345
6023
482
4791
404
1789
747
7374
3365
7362
1761
3397
3344
910
47
6568
5554
1681
5187
4753
5030
7088
2729
1869
2264
3901
6773
7862
2191
1367
2271
5534
4822
6934
3082
4936
