1612
443
7440
4869
5560
419
5863
4530
8040
7997
102
4352
5489
6875
3733
1504
1687
3322
5654
4618
985
182
680
5684
3203
4655
2242
3764
5605
3210
1210
638
7233
1484
492
1197
3738
17
1837
5172
7424
7743
7287
284
444
4682
8074
4459
3041
4315
4726
2936
5023
7278
5544
7272
342
413
2862
4384
7442
4658
6569
7261
27
6005
1315
5604
4156
2604
5139
1059
694
904
552
725
8077
5603
7273
3138
588
7392
39
328
3956
5634
4812
5643
251
4202
554
6780
5486
8201
7888
1654
3498
932
1304
3289
4702
7327
3897
7456
4595
416
5601
5599
2931
5305
4576
354
5876
3520
5637
7880
1616
5649
6508
6210
5234
5057
7296
6935
7990
4602
1000
555
5639
4637
7263
642
4076
1805
4627
3664
6568
4113
8048
1296
627
312
1870
4351
300
101
1649
1092
388
2654
1604
8001
1715
5653
3513
3495
8095
4109
2117
2408
6896
1806
4073
2035
5350
446
934
6078
7258
1011
2660
4207
1709
6519
4350
7889
600
4525
4935
1925
5865
7404
5206
687
7091
672
889
1636
7359
1526
7465
320
5427
1658
5433
951
3244
688
286
1212
5619
4011
8003
2930
1854
1010
5431
4796
5598
1947
3833
5344
7214
3094
1301
5646
5569
6678
2595
7454
5798
684
3489
8178
1025
4786
2955
907
532
6746
2764
6604
811
1394
4135
6080
7806
2247
753
682
434
387
1618
7667
2559
3808
4714
2241
8215
3959
4056
74
7444
8019
4455
3953
3081
2947
5616
7335
6517
1209
2531
1530
8199
8279
7334
8117
6713
7056
33
374
2092
3853
715
349
5169
1002
2788
4654
5762
855
96
937
3818
1540
8062
2613
430
1488
2435
5559
3448
6789
5448
1042
6918
4124
114
1602
7874
275
6184
5402
6617
512
7746
4024
4690
5494
260
7354
87
3408
5443
527
1872
3749
6167
525
425
7400
5566
227
3578
7436
587
6891
6722
6499
104
2546
4154
950
3742
1679
306
2951
878
7460
5015
4017
384
8064
7060
6899
991
7192
3338
6378
1652
2336
942
3857
1232
480
7395
8075
6019
3745
547
2051
6714
4962
994
7269
2040
1803
3660
4559
528
7199
5357
7184
645
410
1437
4022
4532
6781
3417
7458
909
411
7054
4167
6949
506
6489
4220
5150
3509
3936
5828
1585
1817
5042
294
1862
2159
8004
3982
741
3131
4568
2984
3215
494
5602
1393
1632
4793
66
5063
4263
452
1408
7758
375
7254
4464
4041
2544
3544
1656
5151
885
4125
5487
119
4529
7267
4183
8213
6978
4616
1849
1662
2477
6223
1485
5940
2237
4006
1923
582
5406
5797
7315
7729
3144
5254
5779
997
1444
4474
2429
1442
1727
766
6910
2898
5363
7864
1860
7202
493
366
36
1853
3044
714
4226
7275
369
602
746
1609
7978
3746
2924
196
4060
543
1611
1213
4678
3706
6096
3076
4119
6772
1494
4701
7363
1605
646
1743
1886
903
1060
1548
732
8013
3732
1904
1637
4605
541
6021
7972
3949
6894
5733
3879
4523
7451
7437
4261
5554
5775
391
4093
5551
5049
3352
1038
2552
4613
6225
2244
3666
3955
8173
7445
2231
3946
5545
1323
1951
4062
2020
3994
5743
4828
2486
1538
3665
1291
2483
1067
598
590
423
6372
2558
292
5490
8222
5497
4552
6851
658
469
7385
2492
2605
133
4401
5257
4103
7304
1816
3373
4013
5164
7736
5618
279
3834
8113
2783
26
899
2176
3572
683
5937
7247
4256
6520
2928
890
5808
6174
6982
6631
751
1588
1868
6829
3191
2124
7745
2524
2179
6743
3359
4653
3198
7873
4346
5235
4478
243
5942
7068
4454
6281
1974
8197
6151
6827
5476
38
6652
7089
4332
8025
249
5162
4703
5539
6193
7366
3869
5752
200
3754
7240
8082
169
3782
4810
4211
2525
750
803
1316
1660
2768
5538
7903
1365
3900
4203
799
1647
4584
1172
7779
3386
3382
6721
5903
578
3700
1336
4015
1851
8024
5481
3220
3427
5436
2592
3205
6194
2046
3564
2283
5739
1772
7406
8099
5792
6778
3817
3729
3944
4208
3743
7331
7405
7212
597
282
7557
4179
3880
5184
1113
4002
3904
4528
837
2022
6701
2781
4959
7228
5996
2887
2865
2004
7362
957
4943
2
3557
1115
3657
952
7085
7181
1229
6994
6097
7762
3511
5612
3458
7563
2593
7294
544
7853
2439
5319
3773
4121
2003
5870
601
2761
3905
154
7449
4977
7417
4581
1952
6600
3403
5724
2576
2255
1305
3454
7854
3577
2678
5984
1362
595
7425
217
2796
3848
5165
4586
4806
4520
5878
4537
6602
192
3409
223
621
4594
7198
1757
7871
1907
3652
7963
7358
3177
6709
6687
7508
8036
4404
984
1423
3837
5424
6361
2275
3143
615
3972
2937
5440
835
3935
3103
4036
6831
7633
787
6011
5170
1580
3170
7433
7578
5657
5429
5277
1676
1357
5091
1184
1737
3575
4565
1893
5155
2610
2347
2964
7881
7217
7092
427
1150
405
4886
5380
5579
5726
3592
2076
1027
3169
4999
5175
7066
8098
3769
2926
2081
160
4345
3822
7416
5192
4149
228
1123
5504
1766
8293
6895
7875
3176
7559
6881
5179
4239
3753
6003
365
5800
3599
5528
6711
847
4416
4107
5181
4122
1706
442
2314
149
3832
4926
7280
3337
4712
2551
4168
4394
2653
3974
2965
232
1057
2370
1827
891
3941
6374
4032
1174
8092
6906
240
8192
78
46
1807
3739
5961
4922
6161
4598
470
8122
5864
1838
1509
5287
7259
193
1877
539
1830
1731
8029
2629
944
1668
4968
1928
2471
2910
2873
6724
6525
1934
3483
1628
2258
7869
5582
3711
4687
1083
7859
1899
7461
4585
4321
553
1888
8179
5810
5860
1302
6510
4659
8105
2453
6512
5814
7470
709
1684
167
4844
8014
2240
3155
1007
6742
7117
6653
1739
7549
6590
898
4563
3569
6105
2148
123
757
549
6367
3084
6912
5465
2877
4343
8206
5610
1463
6643
1943
7813
3364
5812
6108
4039
48
7120
5867
6364
1
1412
1650
6500
2155
1933
3727
6732
1831
4932
7842
285
4165
5755
6529
1449
2194
3725
5956
3368
1097
3027
6669
4807
5518
7172
6808
5552
1790
5278
1606
8255
5848
110
5530
4818
55
383
5991
4697
1450
548
2133
3826
6788
3735
4891
5067
4603
2208
356
4797
3492
1825
5803
4038
429
5730
6878
5103
272
1390
8224
1054
5367
7571
28
316
2010
1799
2289
6681
3562
168
1661
2379
7967
6483
210
5005
4169
6890
7558
7084
3830
1005
2904
3436
252
4190
7646
488
1168
5756
7628
5196
340
2907
4876
1188
4264
1850
7488
671
5830
2407
7161
6368
740
4799
5251
1287
1524
81
372
5839
360
5468
1058
3402
7
1531
3050
7401
3945
1576
290
1936
8063
1752
7862
6301
7415
5138
7693
4486
1375
5507
4063
3648
5816
4082
172
5173
1196
4522
5160
2154
7876
8203
3530
4170
7104
722
1154
1956
2903
1361
7062
6431
212
6730
2782
3148
1704
696
4
2861
6708
4241
7409
5600
4802
4200
745
137
8111
6358
4490
3437
3047
1842
5047
7807
4761
629
1937
3755
1945
6790
34
327
30
7058
5337
3668
6148
606
7297
7182
1935
2640
7252
2152
4105
8118
922
1152
5437
464
4913
7205
3377
4019
5075
2462
4794
3765
7242
4597
7203
5663
2293
930
2313
8195
833
5550
3490
1617
1102
1245
2860
6987
3550
1629
1073
5410
1138
712
2520
1592
6511
5525
5136
4882
499
7861
83
5369
5457
5229
5496
3360
8049
351
1590
7064
1733
4138
7384
8089
8009
231
6106
2259
8144
3587
3415
5488
1053
7777
768
2634
7626
7817
2495
4571
4936
4551
4029
1039
453
1206
6277
4067
1250
6774
7848
6408
7883
5941
298
1224
4157
399
2141
5658
1503
4608
8068
2985
5307
6325
3445
1088
5977
7379
5274
5868
7737
5632
6516
3190
1615
6680
1795
7430
1480
7843
5585
8285
3136
7081
3999
2815
8225
5147
8010
5408
5359
242
8160
1117
2197
1645
3680
5565
1034
7063
3747
5908
2960
7051
5630
148
5729
517
703
7370
435
7190
852
7336
6022
1780
4027
3774
678
5749
5238
3218
2263
3325
317
3292
838
5899
3157
3752
5189
6131
7298
7239
7640
2993
5398
3433
4342
3570
1247
5492
1180
5001
7502
7879
4364
3744
2015
3535
783
3741
4201
1099
174
2272
3888
4948
550
4955
1948
987
6086
6908
1895
4161
268
1996
1513
6796
5395
7407
6953
3004
2615
5912
4711
3636
7790
4580
4670
2894
6885
4942
752
2280
3321
7289
8050
8270
4645
187
5855
3924
7453
3669
1833
7093
6900
1481
3916
4376
1716
4950
4901
3539
1069
5771
3659
8016
6651
2803
6650
6030
1340
697
2508
3860
6103
692
4069
460
619
8065
3323
1402
3048
3392
6663
5036
7174
6199
7771
3248
3045
126
6139
2083
8054
3960
4591
536
4801
2134
6886
1432
6048
7070
5708
5241
335
1105
2093
441
1646
1871
6944
2885
7399
8278
1371
171
2874
7899
2473
4180
4599
2989
4450
2290
1769
1496
4845
7705
4925
7369
108
6931
8217
4933
2946
363
3710
7219
5706
749
6567
6627
1137
4811
118
1579
7900
4912
177
1896
2174
125
7047
2935
7833
8152
6594
150
571
3997
2611
440
798
2080
7975
4071
4679
5785
5574
5976
8086
8006
3821
8246
1017
273
6058
7310
5267
2929
2088
6603
3921
3233
718
921
708
1300
1077
422
6735
6121
7234
2540
7971
93
2369
6673
1761
1292
2201
7499
4049
1345
1770
4850
4470
1883
3823
8028
6336
5345
2795
5232
2585
7419
7389
3719
3846
2323
5346
4762
7560
1792
2315
5561
4700
2098
4344
7291
6941
2189
1746
7979
689
3209
79
4139
5384
2638
1784
3868
7676
2071
4546
7393
6126
2950
2229
5702
7955
7694
2038
641
2956
5711
7855
910
1456
6738
842
7349
1905
6029
5389
8046
6689
4724
269
616
6623
3854
6375
6017
5923
3750
8097
6948
3354
2295
2034
5470
5885
591
6822
7989
4028
3894
3726
5212
7381
1400
3827
6976
6129
701
1406
8265
1911
7443
4743
3471
3214
6363
5031
2115
2608
3696
3807
5117
2428
1698
969
1407
2716
7087
4003
6115
3428
2728
2436
524
7850
7468
7338
3640
7457
8211
6704
5375
7268
3804
5264
685
631
7872
8264
5549
23
3731
266
6098
5193
3748
4720
4813
4407
3232
3674
2173
5760
5471
64
2819
3546
3609
502
607
4515
7266
8196
61
1028
3178
7656
1690
6715
7774
4031
6340
840
3872
6843
3895
6286
3650
4016
1308
3075
545
3150
3813
1248
7572
1415
1954
6671
2902
2674
1356
5725
2539
1863
2908
8282
5149
6956
281
4086
2490
3835
8266
7890
6595
3375
2888
4965
7821
6421
716
617
8172
311
3107
3898
5013
8034
4883
7996
4123
6605
158
2414
82
6415
5148
7083
7617
6130
4887
4923
1064
1205
3299
2769
7783
628
7320
5587
4634
4604
2617
6817
7176
4509
5629
1826
5939
6066
933
6981
2756
1589
6725
7324
5700
5938
3556
624
1701
115
6625
1114
4055
7295
2008
4421
68
5638
1462
6712
7952
31
5921
5802
4856
6433
946
1036
966
2560
5002
3199
5901
1379
7986
4629
3105
5090
2225
2679
6688
5645
1364
7949
7065
3931
5819
4822
3909
1552
220
5840
310
6745
764
5693
8248
2135
2707
5782
3658
1332
3383
18
815
4907
3140
8094
5058
6787
4279
8042
5516
4292
5791
4402
4809
1778
3154
6727
5883
613
267
7408
3478
45
625
146
4357
5432
2635
3281
6102
6168
5414
704
334
8153
3553
2126
7024
1179
7325
1994
2493
6526
4259
6395
7957
7983
983
147
8274
6955
1677
3090
3815
5475
3649
4706
450
1897
1297
4601
3980
5331
65
7431
5473
4218
1997
1774
556
3912
6190
7908
5838
2591
2780
6850
5719
3122
3548
6369
7429
3162
6861
1246
283
67
3565
3397
1483
2037
2869
2326
5781
6784
229
5651
8142
8294
2449
3978
8107
1176
7469
4921
1331
2147
6872
0
926
6820
5931
4881
141
1664
1454
5077
95
7312
4087
1505
3005
5237
2759
5087
1346
1166
4791
6591
4607
4754
1983
5463
7759
3947
8288
2331
2817
7799
5597
7245
4729
5054
7257
1742
7782
1931
1979
2405
2790
1219
3156
3104
6410
1389
1999
2868
7396
5353
5188
2099
7360
2669
5154
8212
2757
655
2711
5052
3444
12
2045
5888
3885
5737
1006
7165
6047
3219
4676
5388
1810
5529
1754
5485
1491
4021
1439
2556
3482
7747
1987
7150
459
2934
7251
2302
1608
8032
8187
6786
2383
3838
208
5764
1776
1385
7270
5591
6914
1783
5190
6779
5272
7111
7641
2824
5511
1228
780
5524
6493
4309
538
4649
2496
7654
5690
2465
3705
2712
7520
4952
5633
8163
6731
2805
3849
6740
6703
5620
1657
851
1824
5695
5609
3610
7179
4014
7241
5391
6136
6639
720
257
216
6214
5003
2673
5446
1012
1367
189
2777
3877
3805
2424
3579
4931
2899
5022
2917
1823
357
5250
1906
5126
4723
4693
6118
608
3500
761
7627
2644
8256
7839
6387
5202
2132
4419
4320
2335
4804
72
3597
4326
3026
5073
1546
3812
6686
4919
7204
4112
4045
6488
6852
2767
3809
3542
4592
3017
3862
7981
2248
1281
4415
7264
3590
2180
322
4587
940
1410
2963
4227
2760
4140
874
84
7164
1221
5853
5656
7980
4510
7868
437
5727
89
3840
599
5322
5621
7036
4463
1916
4396
221
4030
1764
129
1702
3852
4023
7355
7168
4078
5647
2606
4715
1908
436
1836
3622
7960
5536
1821
2041
2469
1593
5330
1985
90
1474
2334
7421
3584
1655
4116
7785
1052
3566
4100
3723
3776
7452
239
2932
4974
7113
8081
3168
8174
7235
3867
3891
5697
7057
948
7623
1427
4159
5061
3917
345
5167
361
1949
5917
3132
2872
3543
3670
4544
6393
1597
3086
3049
4275
6070
1398
4847
2864
6561
7166
1861
8045
3167
5458
2322
2491
7364
2740
7173
5263
5089
2518
5617
1139
2351
679
6356
3197
7916
3241
1763
1312
2661
1378
5807
8021
2062
1492
5520
6388
3001
5796
7153
2940
7105
2101
1134
5873
1192
1663
128
3340
4481
4790
6990
2933
7428
5625
4377
4857
3430
7735
7069
8183
4243
4466
308
8056
8209
3211
6045
1533
6110
5000
1959
4155
6633
888
2175
2502
873
3316
6984
3251
111
7314
5824
3839
3462
3915
1858
6
2187
4487
8096
16
520
7882
976
5316
7382
7784
6521
3282
1955
4118
2818
2125
5837
428
648
5409
6697
5869
1446
736
2826
6666
8189
4097
8300
4322
4980
3761
4650
3033
1680
3759
5973
13
3447
3135
5759
6942
3351
4111
1464
3620
7516
7683
4500
3820
1844
3683
7951
3387
5945
309
4953
7933
3930
7914
4120
4868
32
3072
1520
1403
4979
8041
6015
5370
2745
5932
3637
2510
2282
7812
8231
2997
4860
5222
6612
6157
5788
2017
7804
3561
896
404
8218
4304
3613
7447
7837
4815
3878
8027
1242
3196
7380
6429
4548
3357
5974
8124
6497
3574
2748
7680
3434
5145
518
4110
6215
1519
2983
3890
2447
5669
245
8119
4855
5642
3314
6024
5589
4257
817
1534
40
2601
230
7414
2900
5069
7744
6795
1277
7751
5701
3327
3268
6135
408
1595
4088
1121
8280
2977
2358
1165
7446
3007
339
2359
7795
2123
3100
1441
5501
277
1071
7463
1031
7998
5452
503
6020
4511
1216
2214
6294
5016
5105
4639
2758
7658
5195
426
6972
2296
3181
5891
589
3473
3984
178
94
6414
6101
1738
7718
185
6309
303
565
7276
3614
5386
5666
2643
7255
1078
2266
604
2575
1401
4284
6089
7947
5710
964
4517
6975
3061
7901
3341
5581
7095
2543
1930
1409
4975
7001
5276
3757
1779
299
2847
7386
6445
1744
414
3256
3303
7797
1353
677
4061
2106
2166
1147
6696
3517
4864
465
2113
2260
8139
6999
4851
2169
3374
8220
1428
1586
4293
2494
4879
819
574
3583
6911
1639
5519
1721
3536
2122
7050
7329
3965
2954
562
3363
6592
4037
6071
7474
1976
5626
2025
3088
4066
204
3463
184
1255
142
4843
3672
1182
5741
3638
7757
3957
6169
4177
6901
6747
774
358
463
1478
2297
3370
1808
2420
1310
5887
2568
238
331
6079
6869
2938
7866
1630
2641
3600
7158
6195
1189
4704
514
4331
6537
3777
1314
7249
4538
4008
4058
2224
8005
3914
7665
1750
6074
4689
5198
3824
1971
508
7353
7377
5137
394
2710
540
4721
636
3529
920
3607
3475
7992
1914
1215
5283
3628
839
4949
3406
717
3734
6381
2528
3766
6014
711
2858
1879
4838
3933
5163
906
3928
5225
2721
6841
7388
3876
6729
2802
1404
6630
186
820
8219
6280
5925
5493
1521
6540
2631
2948
3740
7486
6963
438
5866
2863
4798
7904
2400
3036
4986
3008
3920
3516
2659
5400
6775
1829
3642
8007
8257
821
3779
1643
447
6609
5546
3328
1343
5661
747
8121
3367
7906
5622
4892
1980
4969
3098
7313
3175
3468
7593
4385
4834
4958
3689
4445
5043
8116
2774
7167
1374
705
4443
7801
4317
3369
1084
4231
8071
7129
3236
4665
2055
3287
1938
5423
8281
2719
4686
3521
6691
8284
6683
5185
2307
4569
4535
2299
1873
4184
6494
7432
551
3531
2753
6801
6849
5971
1528
6791
302
3568
5594
2054
4273
4547
4491
4902
3859
2104
1170
1581
3686
7512
377
2221
7769
6707
5740
280
7175
5372
1723
6845
7587
2620
5008
1237
6601
259
7476
1793
603
3598
2730
610
4572
2184
729
800
1813
953
5575
3845
4531
1840
3078
4805
7534
7962
6938
902
2433
5464
6597
7768
4291
3969
6132
418
127
2599
507
5655
1760
3975
6140
3950
3910
409
52
3381
1678
1369
6382
1989
5279
144
7891
2160
3884
7924
7478
3266
431
967
6757
632
6061
7434
5580
5592
3701
2119
263
3865
7196
4488
6926
3903
3998
2303
5615
7820
659
1927
4946
6165
2939
1440
8
5784
7330
2840
3202
8055
5300
4516
1730
367
4224
401
7373
4606
176
6035
755
4230
8188
2376
6541
5260
2801
1056
7741
7374
1717
850
3714
7183
1381
7464
4577
3789
6939
830
3117
5332
3394
2762
2042
5004
7006
41
2636
537
2516
1880
8250
2043
3252
6228
1859
1116
2684
4395
7211
2362
5314
235
4150
5403
386
3319
7706
3625
6659
2198
7886
6951
5805
1758
3331
3708
4662
7682
5572
5687
5586
2085
5130
4441
1051
6897
4000
3983
1789
9
731
4262
673
576
8154
2548
5127
406
3786
1087
2835
2256
744
4223
5911
1094
5650
6996
7815
1839
4524
1352
3455
4034
939
8083
3173
3919
7420
1642
2529
7738
584
2321
5405
5113
7597
4074
5182
8269
4536
8171
7969
5438
49
1659
8150
1029
2288
662
941
3407
4316
592
135
2808
3844
6119
1558
2430
5392
4390
515
8133
542
3034
6672
5455
5930
6803
7716
4492
3380
8262
8067
2138
4995
6513
91
1708
864
250
2541
5879
626
7984
1732
1273
3523
2120
1869
7860
2823
4909
403
5978
6166
4369
8145
2235
1681
3586
7798
4354
4214
6892
5271
4324
564
5296
3927
8078
1725
1759
2897
1720
6800
1160
639
3647
4268
1711
3603
4836
2697
1815
4562
2647
6081
397
4042
1145
5635
3429
3083
5952
1501
4072
8198
1800
77
4007
291
4467
2230
6610
2074
7285
2586
3405
1920
2271
6550
651
3297
6748
2277
6694
6734
471
1309
4760
1223
5071
4873
4489
7756
5029
3068
6870
4625
3348
7624
6128
3688
3051
4917
4903
1344
4298
2866
3376
6921
4753
1697
1199
4937
7412
7378
6764
6092
5059
1820
2771
4371
1267
1050
8035
7039
5570
2807
3416
5318
7277
7581
124
5310
5086
668
5242
6782
2452
4533
3284
4745
2417
6056
5323
88
901
4710
7375
112
6950
5500
1275
1903
743
4556
5491
3342
7565
2628
7137
1926
6145
6479
145
1285
4518
7505
5532
2708
7925
7288
2949
2341
3015
3836
7007
3040
7088
2455
3396
293
5892
1284
6221
2969
7035
7788
214
2632
5426
180
1271
7655
6054
3685
3009
1211
3067
4141
7116
1065
929
2239
5849
4386
3423
7831
4752
4600
7726
1461
572
6002
6762
1804
3249
6222
43
1940
3929
497
8162
8295
3030
7513
6862
7426
1066
4442
1161
6077
3421
8286
8207
3596
3934
8271
4590
4408
3335
1360
1841
3528
3722
4244
4472
6064
1747
6125
4947
5833
4237
4251
4567
1547
7712
2925
7356
5783
7352
3106
4854
3192
844
4314
3951
6357
4004
7954
2999
2009
1932
7697
7357
6530
1788
4858
402
5255
5541
109
4924
1497
8302
3758
2504
7439
3784
1957
237
247
6362
5607
880
2485
5799
2005
6565
505
1834
6305
5793
8291
6836
2522
882
5531
6162
6339
4095
4265
826
2320
7078
5096
6464
5216
2639
1499
7485
7543
6342
3349
6052
5578
6100
2039
5156
7808
6523
5133
4197
2919
1523
5723
6143
5542
1577
2319
773
5144
3182
2252
2218
415
6217
3524
2967
4898
3108
5659
5953
3309
6658
2694
7994
4255
7101
5012
1828
1787
734
5947
462
1008
1736
8251
215
7773
3333
6655
6409
6586
3555
1921
3512
1104
7053
1693
1682
7829
7073
3630
5219
4763
7351
7938
7500
346
8080
5051
4534
7544
6922
6661
5101
5732
5499
8061
8008
2670
2425
7413
6360
5731
6785
5135
1283
6487
2097
4136
8002
1091
4691
5415
7098
7080
1477
6477
1227
1545
8176
56
7170
3414
4788
3772
6802
7672
1507
3457
353
475
4393
4733
5825
4409
4411
6608
7634
560
7931
7699
7856
4992
1683
5893
8210
7576
5902
1289
7283
5889
6344
4348
1363
3532
3973
7545
4741
620
5540
4302
4052
881
2680
1276
3695
1128
1201
6044
8058
4671
623
4674
1527
760
3661
7328
47
954
4870
700
2131
3624
5187
3940
1453
10
6971
7583
6006
4114
7301
3125
4573
4382
1095
1583
7340
4994
7383
6023
6692
3225
3938
3515
5717
256
2523
4885
2110
4647
5132
7423
790
5842
5467
1543
2305
4475
977
5441
3102
6213
854
6618
3811
8073
2839
2752
7265
1279
4267
6202
3024
3334
7132
5897
3195
4972
4005
3443
244
7692
6866
3469
5207
1019
2226
6649
6153
4192
6373
6632
2108
7300
6133
5677
6566
8253
3538
1751
304
2310
1722
5020
982
1498
1695
5995
779
439
877
5998
8149
1055
6290
5914
1455
1500
7284
4966
4862
7043
5191
1107
297
5114
7592
3851
7614
3013
5093
4746
504
3229
7126
7497
1990
2566
1295
7004
4115
2182
7607
4785
7584
3115
468
3841
6304
3077
5294
5308
7895
2909
2380
2691
2181
2161
5806
4381
4260
7017
3828
3728
3456
8069
2836
3308
2032
5721
2416
4513
7648
730
296
3347
7982
2091
6518
4673
3466
4814
4199
5728
1220
5336
8134
3767
3079
4940
3954
4101
1328
276
770
1186
4117
3576
2432
1653
3697
7274
5011
7915
865
7638
6341
175
7832
5177
1234
5214
3194
3787
3762
2547
4914
4553
205
3353
6889
7800
3279
4773
7725
3673
778
6670
4301
7005
4985
6622
5028
4558
3942
2087
5526
6050
1633
4050
2975
7728
59
8230
1467
1782
2251
5351
2776
4970
6792
7052
1713
5373
2487
965
333
3663
5556
2625
7681
2879
254
1018
7809
3883
63
3588
7467
2153
6200
3952
6269
6723
6332
6716
2692
8102
2061
8159
5521
4480
2538
992
866
4894
5795
3226
4643
6141
6441
6490
1443
706
2792
1451
7262
2068
3263
7221
5048
5668
4059
2515
1251
7025
7818
7912
1424
3889
4555
622
4285
4043
7852
75
4770
6411
4780
3259
786
4982
2202
3493
4566
7993
3002
7816
4453
8238
8272
4792
4874
2891
7032
3312
7926
2357
5841
955
2304
5509
3595
6244
7121
6699
3887
5537
6719
1252
2156
3825
6874
8167
8023
6463
7490
1183
2474
5515
7347
3460
5970
674
4143
3906
319
1282
2007
2952
2016
3682
2884
6246
3200
6883
5142
6251
8026
1350
4325
4083
344
5290
8289
3803
1100
7612
2770
2793
7483
4449
5338
8244
7596
2597
2600
6073
8135
6693
8106
6737
6690
5477
2077
5194
3896
188
6840
7602
5588
6823
1411
7138
5962
2066
3616
2457
2853
2333
6806
3704
4422
368
2204
3676
6718
6152
2683
6423
5107
4347
4228
5239
2440
3442
5106
3231
6318
2497
5955
580
5817
1487
1950
7438
1090
7305
8031
6254
3675
2014
6307
2339
2049
5895
2713
2431
1086
7232
7546
5843
7826
3585
923
2279
3533
5240
7227
5935
5846
5845
6917
136
3643
4185
7870
2687
1768
7099
2870
2397
2269
2317
6012
5851
3171
5
5506
2065
7909
3470
1891
1694
1876
5699
8170
2733
8233
4934
218
3399
713
3996
5385
7033
7830
7970
1272
7589
5568
807
3310
5024
1898
7894
5510
3164
2143
2624
7248
4765
7632
2461
6847
5131
7748
8033
44
3866
6598
5692
4705
2705
3485
7200
5352
3518
7749
988
1004
5555
325
2642
318
4612
1561
6026
3391
395
2763
3092
4996
1079
2167
1327
6871
5707
8015
3446
2717
4954
289
2784
756
2060
3459
4967
7948
6858
7518
5161
5916
2772
1021
2650
3053
3464
6227
7825
3618
1307
190
6992
1320
5110
3395
1195
5769
3899
62
3655
76
7529
3508
7346
3371
1798
270
7397
710
1910
4173
5765
5265
6657
7016
2854
5078
883
6137
611
7698
248
7441
2095
4888
1185
3481
7541
417
7781
7118
1968
8254
1061
2589
4144
4098
1982
6403
5877
7595
4158
3449
6239
2656
1674
6018
3537
2505
8208
6751
8022
7523
1419
5082
7598
531
3527
2011
14
2243
2021
2301
7302
3525
4747
5146
1762
828
4852
157
7371
6206
2146
5472
1981
2325
5993
6946
5159
1847
1230
226
2945
2702
7462
3480
3554
1819
2588
7907
4198
2412
6025
6416
3962
139
6484
6016
498
6969
2562
1136
4094
8051
3046
2681
7010
2744
989
2220
5442
767
2328
6082
3022
959
5176
4803
3227
5562
832
4825
1812
3926
4688
3039
6253
4583
3829
849
3420
496
7590
3864
3979
7136
2069
6391
1700
1240
5898
1382
4018
7669
495
1712
2459
2024
3188
5258
7708
6134
1420
1865
4077
4579
8190
796
2966
7814
37
5092
6636
6111
534
8194
1122
3183
7920
8087
3775
7897
6311
4499
2128
264
6739
5881
3662
6720
5774
529
501
3629
1993
4328
3401
3453
6348
6807
3874
8047
4840
2561
4137
5303
586
420
2571
5466
1358
1472
7337
5829
4865
1518
5399
7317
2698
2582
1767
2442
4871
6648
6267
5780
3307
1274
3970
1479
2889
1475
8044
6677
8043
7326
8079
2063
7293
2261
2399
3345
4271
7106
4221
6958
3230
4582
6799
1163
4423
1922
3615
2554
6150
3842
6576
2623
818
3151
4875
3995
995
4333
2630
6204
1641
6551
1835
4397
960
315
2073
1745
5479
7045
7244
5627
1689
575
1214
6930
7713
775
5746
3989
3604
2846
2607
876
4339
4877
6176
2794
2905
1202
3479
5377
3602
7076
7509
4506
7194
5716
6637
4816
500
2841
7253
4631
5084
5927
3153
5355
4669
1587
219
5734
3856
5944
2622
7537
7074
4046
1476
726
2893
918
6504
2912
1153
695
5315
5141
7733
337
2368
6642
3247
7711
6945
6426
6515
8261
3810
4657
784
3070
8129
1414
2875
2090
7286
5034
1875
2164
3273
4057
2028
2842
2203
1014
4738
7608
8204
772
2409
2980
5713
3793
3207
5208
6968
1033
1388
7722
1909
6542
4092
3783
2084
1448
3116
2213
7459
1802
1148
7703
155
1133
594
6579
1600
4632
5418
2553
3306
6974
86
1171
1541
7968
6112
2689
667
3267
5104
4960
3893
2121
649
2172
6773
3112
6383
1537
162
2927
4065
7987
4209
1960
2057
2626
7103
1109
8039
6783
1268
7506
7391
4991
1264
6811
6188
359
3901
2144
4145
3716
707
2564
6574
7530
6570
7491
6164
6049
872
5854
4593
2512
8155
6154
2308
7191
2583
80
4504
4820
8017
4756
3350
596
5750
7271
5354
2567
6468
6794
1131
5950
3096
4696
4863
1338
4656
1874
7710
7332
2633
4717
3389
8297
7365
6283
1573
7238
635
7985
7767
6624
1349
859
3770
5985
364
1714
5347
2973
3698
3435
7991
6665
5407
7704
5030
7977
355
2813
4823
7844
6588
986
2316
2419
831
6585
4160
4719
5411
1489
6584
4709
3206
2519
2199
6065
3069
2787
4750
666
3792
5097
3166
1270
1426
2163
3477
1433
8088
1016
2047
5503
7090
2064
3187
4514
4147
7707
6867
5329
4521
4861
2264
2381
809
3534
5596
1384
6380
4964
321
4728
3404
824
3847
8131
4808
2445
7911
2451
3149
3286
2998
117
3800
5859
7096
4772
7341
3346
7306
3504
612
2476
3522
2990
3875
6805
7290
5261
4918
5593
7922
3305
7819
8156
3208
5852
5224
566
8060
4694
2216
7601
2696
4941
7034
4311
2800
4068
4983
7049
2550
7740
130
5321
4837
6741
4660
3121
4452
993
4519
1465
1190
2467
1691
1735
5856
1459
2136
925
5858
6641
4430
2441
2018
5108
5079
813
1076
2129
2799
6749
3506
1026
3497
6628
8137
7934
5116
2734
1164
5286
4418
4853
4465
7959
3626
5203
8136
5679
8239
4188
3677
5682
5987
2072
6645
42
2345
2450
7135
4984
5613
2859
5295
5691
3619
647
4204
7586
6865
5066
4766
1396
8234
385
3634
3645
3413
1429
675
6816
3472
1607
6333
1773
738
2329
7146
1119
3425
2327
6662
6752
5754
3111
6682
7177
1852
5614
3580
5298
5226
1620
2848
1599
1610
2785
1984
2958
5374
8242
2704
50
7944
530
191
2352
7471
908
7910
2013
7014
5085
2448
6365
1120
2402
2706
5060
3123
370
4091
5789
5628
4867
4312
2700
2778
4725
4819
2962
3295
3690
4732
1814
5387
7689
2446
4911
3646
5417
5696
970
2535
7282
7620
8012
4297
5904
6619
6915
5611
5640
113
6042
489
1845
6175
2029
5416
2695
3093
7466
2557
1728
2811
8146
2825
7319
3179
2603
6844
6069
1299
6250
4668
4193
5722
234
4737
6973
1466
29
6614
3324
7533
3019
1231
1988
1878
5720
927
7209
432
6237
5522
7427
4266
5364
6527
4751
6406
2646
332
2246
974
2831
6359
7279
2743
7723
5747
5213
5954
6413
5674
559
6993
7187
7350
8221
6824
6826
3062
5999
1047
22
4989
5966
892
4296
1965
8140
3065
1634
7659
8165
1846
3785
6216
6503
5534
2150
1726
7201
4106
3243
2738
6986
7919
2396
5705
3814
3712
5517
5245
7368
5044
5461
5313
8202
1256
6838
2012
7840
3519
8283
5907
2190
2944
3270
3799
1458
4981
1386
4526
6258
3918
4708
6575
6485
5118
5890
1329
5965
1508
7651
2464
5095
7927
3968
2048
5269
3501
4130
6212
956
1125
1342
737
5787
4148
943
6075
4330
4494
7339
884
653
776
3240
1156
2837
1582
3059
3330
6991
2682
6647
1330
1397
6793
4878
7531
5906
5382
5804
3028
581
853
2834
6868
2569
928
947
371
3679
6084
5685
4784
4410
3881
867
8038
1553
7481
6552
5430
6123
3174
165
2363
7046
2050
2829
1765
486
7615
7776
8169
5068
3671
7918
2878
4782
1418
6060
513
51
3385
6390
7163
2843
5026
4824
6970
6313
8290
2480
5874
7905
7390
2382
5933
3991
7527
4956
1355
3043
7660
4560
8148
4961
6394
5396
6298
2503
4769
862
577
7162
152
6842
7216
5320
2672
1225
656
5444
6726
2536
3623
8132
4872
3621
5548
5304
6846
4176
7229
4473
4216
1101
4890
1686
287
458
6302
3794
2200
917
1688
7760
271
1915
7610
153
2755
3703
2384
3558
1241
5178
2306
6535
1542
2354
8287
5183
822
3110
3057
161
378
4462
2089
637
6758
2828
5447
7605
5735
2340
2105
3158
4502
6424
1843
2206
4392
1142
3400
914
6834
2725
3971
4081
2871
379
6759
5862
1062
4405
5514
2996
7015
1278
1953
5495
3966
4365
1262
2637
121
2916
5124
6995
1707
643
7884
6654
3678
4768
3778
7677
1796
7835
1280
1421
455
7917
7898
7670
6063
8259
935
6733
3718
7691
3988
4047
5201
5543
4252
973
179
2353
6351
2549
1337
5311
3582
5361
2215
7976
6120
4306
5709
6031
6564
1967
7720
5969
1924
7714
5794
1666
4458
4461
2703
5523
2500
6766
7679
213
8200
3790
1024
1159
869
4439
5327
6087
1889
3074
2521
7643
827
5393
5171
3082
861
4900
6127
8158
6924
4247
6798
2714
2149
4412
7503
5505
7932
4436
7547
2961
3193
314
7477
546
295
198
958
1048
7753
5204
1074
7303
6937
3127
7606
3091
7178
968
1791
2514
3275
2276
759
2233
1198
2100
2542
4040
4104
2667
400
7536
6777
6837
2619
4424
7845
8177
4053
5882
5227
7616
7169
3707
3217
7766
7727
8235
2488
857
7847
4928
719
2168
6750
3593
4758
3601
3591
2852
2580
8307
3010
156
2281
278
7585
1598
2389
2498
2374
6583
6107
3751
769
1177
2517
6400
1961
7702
8243
2971
2421
164
2988
5288
2655
8020
7206
473
3097
785
7896
4280
6465
8273
347
2618
1380
2513
981
8226
4628
6545
1178
5773
1734
794
3362
5564
225
6856
25
5368
3280
7841
6198
5667
6397
4897
4010
7652
7828
6814
5462
3099
3101
7333
8277
2883
4831
526
7321
2052
8299
4420
116
4744
7851
6599
3802
5083
2109
2023
1169
2096
6252
2387
8059
2526
3806
6158
478
3797
4182
810
860
6920
1335
7075
330
5964
5872
4128
7687
1317
4501
1063
5672
6312
5698
4543
7292
8241
2075
4988
2033
1124
8168
7645
6335
1894
4152
1775
4829
6328
183
3450
2183
7542
4379
7119
5968
7403
2385
3412
3134
6933
3223
4646
3242
843
7044
6124
5512
5401
5422
4971
6144
7695
3080
3611
6067
4234
1325
7507
1135
7086
5624
6522
7674
640
3816
3861
7147
1515
3819
802
834
522
7562
739
6934
151
6043
2812
6616
8308
516
2395
7553
5231
140
6337
7521
6821
8181
2103
4079
2209
8304
8053
5450
5284
1434
2454
209
1191
805
1529
3961
924
7180
7223
6675
3937
5660
2507
2031
7131
5243
2210
3264
911
5563
1969
3499
3432
665
2463
7372
7786
669
1584
2102
2236
338
690
978
1046
3736
1098
2375
5989
2324
2127
3234
4997
6857
8157
3419
5943
6577
5217
1143
4356
1555
5449
481
3963
6919
4064
5714
6142
7100
1334
1917
1399
5770
7133
5644
6964
5233
6116
2205
1395
7647
477
3000
7492
2366
5742
1470
5469
1238
5100
8180
6094
324
4749
6913
1692
5456
650
1319
5571
3095
6486
2612
999
3296
7796
6828
663
583
7186
6091
3021
7143
3870
6902
728
7003
5631
5608
7865
5648
6428
1781
7108
1372
1265
4274
1613
4254
2364
6461
4219
2570
4131
5703
7657
6514
4186
6245
6163
5018
5459
6456
6059
6528
4630
2377
4153
3633
2107
6506
6509
509
1260
1978
7171
777
4821
120
605
6146
1517
1359
6451
3986
3055
5454
70
490
4736
3313
7230
3020
1294
1368
5583
4229
4391
2737
3358
3422
801
5577
4893
7348
2114
754
1425
6405
5248
6907
4561
3418
7094
7455
2845
2044
2746
2403
1266
7535
686
7231
6893
7824
3438
2789
1377
681
6943
1035
2499
1549
2664
5445
5986
3730
1855
6961
7022
4483
6220
4692
398
6620
3390
6700
5072
3737
6776
4889
2754
5573
1226
6453
6879
8128
1405
6925
5123
6350
3717
1158
3114
2906
6201
1258
3302
3293
3300
2820
3366
4340
2386
8109
6947
633
3441
7501
4456
5767
1490
6459
7827
5924
2724
6769
2668
1085
1651
4713
8227
7715
563
3052
7772
6371
6293
5757
5715
2995
2404
8108
2590
6679
1970
348
7159
887
132
8100
4133
4609
6343
2393
2401
7112
5871
6450
5280
5547
3474
3277
1525
1669
1811
7028
693
5076
6402
5861
3326
7532
7141
895
6295
2581
6338
961
73
4664
5836
2151
1288
3272
4916
2245
5027
1946
870
4699
1510
6331
7685
4286
3137
2953
2972
812
6289
6589
4471
2082
376
2478
4451
3085
4648
6113
7450
1486
8076
2415
5553
5035
7256
7755
6458
3152
2227
6859
1544
5230
6815
3871
4827
5220
8126
201
2398
3571
1832
3780
5129
1326
4213
433
1253
7834
1603
3855
6299
7250
5777
1568
569
20
7071
7097
4640
5766
4108
6629
748
3318
7603
4375
4337
6998
8085
2026
4635
2923
6323
3484
7246
7435
5143
558
4906
5088
3505
4457
106
85
664
6813
1703
4305
5256
8084
4001
7739
1193
4978
6804
5094
4951
4550
1022
5818
3654
2337
4303
8090
6472
6884
1685
1469
5435
2876
4842
4542
1929
3
7946
3245
654
2881
2426
6009
3129
8223
3760
4362
996
491
305
2978
6473
4666
4134
2735
8072
5038
2880
5820
5822
3488
5119
7215
1619
6495
2584
7115
6580
8175
7012
519
7510
2579
6989
4020
5827
2573
6310
7489
4012
3120
6334
5623
6452
7791
1339
4477
202
4479
6664
3265
7042
7061
6261
4403
4249
7935
5070
5929
4884
3278
1564
4235
3635
3113
3431
8249
4336
7008
7561
3042
3283
4783
7642
5365
4497
6386
5122
6560
2006
975
6615
4370
2621
1890
195
472
4578
6366
6355
6370
233
6855
4485
6980
5046
5920
6439
6544
6321
7564
4638
4730
2188
2690
4545
1719
2671
4210
6444
4460
1306
2994
8298
1127
723
5343
8103
7929
3791
2921
7650
2856
6698
7793
3510
5850
2365
5356
4672
5360
2736
6417
2309
5835
2207
5776
2911
6207
4258
579
4939
763
35
1966
2162
5915
1536
4718
8130
8216
3311
5270
4681
2372
7041
5809
323
6196
6255
8018
3066
8141
7410
3476
8205
7260
1672
7422
1964
5949
6437
868
1640
1140
3990
4904
6660
4527
3142
3003
474
3258
6534
7318
735
4313
1103
886
4387
6046
1157
6274
6626
1596
1155
99
5997
4181
4189
1601
1003
7236
1591
1594
1614
3631
7734
4413
6057
4425
2511
6347
4469
5379
24
4574
1366
2249
1445
7937
6467
7750
4085
7846
2779
6273
6211
7411
2192
5484
8268
7802
6117
1373
3237
1578
535
5064
6209
533
6864
1436
5152
7207
3567
2555
350
3355
6264
1218
1118
6327
660
2391
1347
1222
523
3902
1236
2616
2388
4238
2211
618
1175
7123
4400
2901
6656
7823
2830
3186
6573
8070
4557
1919
6613
2232
6354
6315
6346
3184
521
5652
3925
7686
7475
4399
4417
7127
6192
197
1132
131
1665
1348
6138
4374
21
4661
7021
4775
4795
3439
4277
816
7974
6985
3451
2895
7789
4246
3985
5009
5641
2857
5681
1162
8229
4099
3795
4289
3801
2059
5951
7787
814
5636
2651
2250
4484
5606
4294
4287
1070
6498
1696
1200
2349
4896
6284
3159
6407
3216
6109
3560
3882
2186
949
7878
6684
905
6728
8112
765
6932
100
7040
7345
6702
6705
6710
6736
6695
6717
6706
6685
6238
8151
457
2482
1724
6674
3128
4976
390
3503
7644
2816
6001
3118
4035
3032
3589
4389
8037
593
846
7511
4512
7666
7902
7568
5480
5704
424
2423
2273
3713
6104
702
1322
3071
2594
3222
1786
3948
5376
4549
6032
4026
2532
5558
5670
1671
6667
1705
6478
4848
691
2809
7885
2534
326
7072
4716
758
7775
107
919
7780
1072
3228
6178
1512
6502
4927
2775
2749
1243
5197
4308
894
8166
380
6905
5325
4596
4908
4554
1217
5844
3608
5595
5180
4800
8091
2598
2832
7600
3269
19
915
2001
727
8296
5826
445
7376
5326
1866
1710
1417
5821
288
1741
3943
7867
2827
3246
2957
1457
6173
1801
3365
3133
3204
5584
6927
2727
265
352
4476
476
4698
5281
3559
7322
2219
1627
4675
4677
3958
1556
1622
3274
5786
1303
7893
4080
6767
4225
5259
4164
3720
6882
5025
3526
7504
7139
2602
5017
5905
2833
3372
7579
3064
2267
341
1030
2300
336
5253
1286
1257
561
7343
7526
8237
7479
6638
7822
4187
1438
4250
792
1885
5535
7730
5033
236
3285
4776
848
7189
7761
7887
7892
2422
1023
2814
5768
1771
8066
7145
7673
3023
4685
3235
3384
2685
2804
609
5246
6853
5050
2193
5790
1729
2238
3606
4493
4482
4570
4146
3361
6536
1794
3461
5801
5394
5847
724
7361
2686
2709
4166
3467
1977
7604
8193
2545
3201
5533
407
2675
5186
4987
2460
4624
262
1554
5527
3025
373
3507
5910
3294
1511
2434
60
1749
6062
1797
4614
1106
5498
2765
2437
3964
1376
4707
4448
8115
1015
2530
7125
1522
7662
2111
5341
7538
2262
1416
2254
7550
5335
1413
1037
2274
485
1848
1864
4242
4054
159
3491
4044
170
313
1044
8161
2418
2458
8120
4051
8276
4033
4048
6241
676
2791
1431
2443
2715
2438
1740
4096
3060
4206
733
912
307
1146
2479
1293
5014
4748
421
3250
3788
2053
1571
2140
3908
8057
5420
1881
4495
1535
3502
2844
7858
7857
246
5062
7803
3922
1233
6037
1992
5366
3547
1422
4174
2886
1167
6300
4740
4070
6559
3255
7082
1900
6634
5378
7943
3496
6644
2693
5168
3831
466
6546
1699
1311
6797
7671
5678
3639
1341
381
3873
1468
7243
1043
1110
57
274
6531
5282
2019
7316
2356
1173
4444
2116
7609
5419
5900
3271
900
4341
6507
1333
2257
4575
1635
1748
5065
3378
3843
6454
3006
1313
6877
4929
1020
5228
4009
6876
7193
845
3694
2191
1638
2196
4731
5174
7709
6873
7765
6276
4963
936
166
2311
1667
1493
6646
1194
134
1986
5115
3886
4372
1995
1755
6863
4307
4358
2371
454
1785
7110
7197
173
6916
781
5745
7742
2056
6880
7226
1435
836
1263
1887
1514
2268
7048
7000
7002
6997
7877
5342
6825
4232
6761
5990
4817
5413
1112
3858
7810
2742
7019
4075
3012
4334
5948
7398
7210
7717
4945
6379
2367
3029
5975
3627
3715
122
6607
7629
3486
661
138
7102
5289
7023
6957
7988
1892
5039
7639
2036
3594
1884
7128
3771
7224
1096
6611
4132
448
5959
255
1973
2285
211
7940
103
670
510
143
3163
7696
6230
1460
6640
1882
841
5006
4990
5200
5266
5249
4789
4778
7208
3541
2338
3379
2747
6839
1321
5081
6833
2000
2350
412
7594
4505
5474
3317
7973
7721
7569
4722
4930
3056
7498
7524
7514
3393
5857
3257
3254
4767
980
5712
451
6349
7936
461
6389
1151
3540
1149
5460
5778
4849
5425
3221
1991
2291
7323
4440
762
1239
7394
3276
3336
1998
7580
7574
2078
5349
3721
1203
6010
1204
2086
2798
2130
1244
4866
7731
3684
3545
7688
2234
7237
871
1089
5390
7619
1563
3356
2565
8101
2979
2596
2822
6430
2165
2922
2855
2981
5813
2786
971
3681
1942
782
8147
1939
1392
6275
1049
5328
4310
253
1944
3763
3617
3320
6929
2991
6345
1013
7213
8011
4414
3018
6482
2739
2270
4427
2145
5513
2212
2361
6147
5936
2178
5157
7402
7764
5834
3850
6496
6040
2348
5275
1075
5928
585
1254
5994
1473
913
3339
6909
8191
4905
698
4938
2444
8000
6587
8110
3165
456
6756
11
3141
3344
2976
7661
2118
329
2982
2627
2810
4194
3977
1108
479
6524
6474
3911
7152
789
2676
3452
1354
2652
6471
7811
7913
5694
1235
3440
3388
1001
4388
3172
979
7539
5111
7059
5109
6436
2378
1918
7863
5894
5252
4195
1269
484
3180
5262
4695
4915
7770
1080
5404
2649
4757
6051
6983
6898
2614
5125
8123
7582
7953
4406
3011
4498
829
3605
6936
3644
5875
2223
2394
261
105
4739
396
3923
5021
5673
1670
69
5236
203
1867
8306
2002
5292
2030
806
6324
6007
7109
6812
945
4759
3109
1081
6099
2027
5451
1298
1818
4764
5992
3262
483
3253
568
4841
5112
5434
5453
5439
1207
2079
962
6282
6768
4089
3426
2663
1809
6260
6457
2892
3932
6572
3651
3781
2896
3189
6172
5736
7079
1902
1675
7805
8030
5268
224
7493
258
2177
2292
2741
511
5007
5982
5981
6034
6571
6317
6231
6635
1644
5823
2217
6226
3768
2890
3465
2732
2718
6505
2527
791
7941
7515
875
2373
3967
4329
4636
8125
3656
4217
3653
2766
2537
2506
2720
1447
3315
7637
3038
4283
652
6095
6832
6903
5738
7299
8104
5686
3424
5590
6076
4993
8292
1009
1144
5397
6835
7849
5683
5010
2974
1093
382
5333
3332
3089
3699
1648
614
897
3035
2986
6476
3290
893
6197
3573
6292
3301
3261
2574
938
1972
8267
2699
3087
2563
7387
8138
8143
8214
7950
7160
4025
8127
53
1631
4846
2797
2722
3549
8236
8182
7107
7528
6399
7517
6377
5748
6376
3145
4859
2677
4973
4102
7281
634
7222
5886
2729
5744
5751
5758
5753
6038
4253
1857
6008
5680
4998
5306
2509
4588
5483
3160
2158
3343
1753
6848
487
6053
5244
7225
2137
1673
3632
7618
2058
3398
557
8240
3147
2265
2701
58
3724
3641
3612
2360
8301
5019
5665
1324
7307
7308
2427
7664
5919
6443
3016
7942
3238
4355
6854
3709
3063
2987
6432
3304
5688
6491
4830
1624
3514
4248
4651
7067
2750
2666
2346
1068
7763
1187
6676
6027
6268
3907
2195
1975
5102
1208
4426
4349
4353
2139
5482
5040
4434
7611
3581
7344
567
7668
6257
2489
4084
7678
1471
2533
6538
4335
6004
4361
7031
6548
4496
6322
3239
6404
6556
2185
4178
7029
5339
972
6562
4196
3691
2112
5223
8228
1539
2501
4366
2688
4503
5383
4541
4771
5913
6384
6385
2851
825
6819
7548
71
6988
7966
5098
7367
1249
1383
721
6578
6470
4633
3913
4507
8114
7540
5967
5211
699
2343
54
1559
6420
4899
4278
6442
7494
2287
7752
4680
4359
998
6296
879
3692
1495
5121
8258
4272
5557
3146
6036
2920
1111
8305
5340
6208
4781
795
7037
3139
7309
793
2392
3014
771
3124
7719
5922
5963
3212
6771
3693
2330
1570
163
393
2406
15
3687
5884
482
6114
1777
2142
2918
8052
2849
5664
3892
5324
1318
1566
7448
2456
2355
5934
1822
5960
4910
4839
1625
4615
6203
5120
6308
5134
5972
6083
5140
1551
5128
5099
5041
3863
3796
3073
7218
7573
4172
5215
7675
6770
1130
823
4920
7591
1181
1963
392
4373
4363
804
2658
4222
6218
6170
1575
5080
7030
6760
4281
7552
207
6606
742
7792
7613
6860
7567
6621
7130
4319
4323
6262
5958
3798
7630
963
644
6596
990
1912
8232
4468
7220
8260
6419
1082
467
3298
6256
2665
570
630
3987
3939
6888
6330
3410
2943
7038
6219
5158
4163
2867
6316
4944
1370
2222
1391
6279
7690
797
6314
6272
6320
7995
7923
4447
2067
4240
2751
6753
2731
2171
6000
5508
6440
7418
199
6266
1430
6809
2253
4338
3037
4734
7519
1516
4735
3058
4171
4383
2773
6593
2278
6013
6185
8310
5037
5362
5205
2286
2294
2298
1718
7473
222
2821
7838
6563
2838
657
6959
1482
1569
6449
2332
4621
1856
3224
4626
4245
4175
4435
5671
2645
6966
4300
4276
4162
4299
4327
206
4269
4270
4282
4288
4290
4295
4318
4727
4431
1565
7700
389
6326
6155
6270
8275
2992
7928
7599
4667
7055
2657
5053
7964
5772
3552
1557
7009
3130
3993
7525
3976
5317
6160
4880
6149
6159
6156
6263
858
5689
4622
7684
5567
7724
7342
362
7185
5926
6818
4564
6558
6427
8263
4774
5381
2648
6186
5988
5285
7482
2577
3667
6093
2411
6965
6954
6582
3119
6962
6887
4432
2344
6181
2726
7778
7551
4787
7026
4742
4619
6668
1141
5676
6285
5247
5896
6401
7195
7566
2170
6189
2157
1941
5946
573
7140
2470
181
4360
3411
2312
6928
5675
1550
343
7999
7836
98
4127
6501
6041
6492
3260
4126
6033
931
4832
6240
7134
7484
1452
5302
2662
6028
2094
4129
7794
916
7663
5421
1756
5299
6306
3288
5502
7570
5831
7636
808
3494
7961
4368
194
6480
7154
7635
7921
1387
7930
4957
6744
1574
1572
4641
7556
7956
1913
5880
6412
4378
4151
8309
8303
8252
4398
1958
2070
6967
2609
3992
4663
7480
1502
1506
5832
4835
2850
3551
449
5301
863
5312
6271
5980
1129
6392
7472
2475
5358
5074
4508
2914
2915
1901
2806
6055
4617
6187
6303
2968
4233
5297
6396
5761
6455
3702
5309
7701
2390
2913
6329
2587
3031
5221
5056
6755
5371
5412
92
6243
7575
6398
6418
2882
856
7013
3487
1532
97
7311
7124
7732
6122
1621
6923
5478
1126
5815
5811
6763
1351
5662
4090
2723
6448
788
6233
7939
6319
1040
5763
1962
7011
301
5909
6446
6191
8247
6287
7077
6205
5348
6581
4644
2481
7754
6039
6265
4779
7114
241
4826
4212
2228
4833
6179
6090
6952
6547
7522
4142
7588
8093
6554
4380
5153
6940
5199
6224
6960
7188
5918
6481
6183
4589
3291
5218
6904
2484
6297
6278
2468
5293
1032
4610
7027
8184
7622
5428
4755
6810
7487
6353
7577
7122
2342
4611
7149
5273
6466
6236
6462
4652
6447
6460
6469
4205
4777
5957
6072
5334
6247
6291
6352
6248
6249
6259
6288
6435
7156
7151
6754
6438
3126
5576
7495
6068
6533
7653
4433
4446
6088
7965
7958
6232
5055
2578
6830
5210
7020
3563
4683
4367
5291
7157
2572
4895
2970
1259
6475
4540
6532
2410
7649
8164
3213
4684
1562
7018
1567
4191
7945
3981
1560
1290
7142
7496
2959
3756
4215
1041
4437
6085
7555
6425
4642
6977
4428
7144
5209
2318
6242
6229
6549
4236
8186
1623
8245
2284
7625
1626
5983
6180
3161
5045
6235
6557
2413
6434
6234
2466
2941
6171
6422
5718
5032
3054
7554
6555
4438
4429
8185
7148
7155
4623
4620
1045
6979
5166
6177
6553
1261
6543
3329
3185
5979
6182
6765
2472
7631
7621
6539
2942
4539
