1512
1773
2437
2530
2528
2766
2350
2426
2532
2533
2443
2446
2534
2770
2434
2444
2458
141
166
2441
2433
2438
168
2432
2452
173
2769
2832
2732
4001
2418
2451
2457
2501
177
2499
2730
2357
2425
2827
2359
159
160
2596
2719
2163
2727
2506
2417
164
2748
2518
5180
2821
2754
2454
2435
2300
2691
2813
775
2758
2718
2419
395
2424
1875
2673
1311
2695
3543
2450
2715
2526
2423
5269
2440
2812
148
2416
4026
846
2584
2842
2428
1286
170
2508
138
2692
2527
2720
2696
4803
2461
108
152
162
5
2448
853
2339
2345
2743
2230
155
2505
174
5259
5006
1252
5250
2414
782
894
2510
145
2588
2430
4009
2582
2442
151
2500
2721
2690
3345
5271
2116
1889
5268
2535
1528
5182
2698
5279
5033
2586
2581
165
2447
5258
5272
1974
2703
4007
1307
848
2513
1883
1931
762
2674
2683
2455
1986
2702
1313
3997
5255
3344
2585
1728
3578
2761
265
1518
1023
2804
9
2569
3496
4020
2537
855
2871
6814
4018
1447
1020
1904
1980
2502
491
3216
2595
4005
719
1924
122
4951
2834
841
156
2449
1125
980
445
1316
2833
94
2688
4753
4014
1922
5266
1305
153
3004
5186
4035
287
2006
1909
1065
1939
171
5014
2742
1729
814
2651
2235
4010
311
3341
768
4791
949
4795
3814
1576
1581
255
1515
2814
1881
3105
1814
816
299
4959
2431
1197
2159
2785
5242
1544
2439
6836
3271
3778
163
1309
2271
2087
4027
1156
2694
2809
5197
2701
2705
4811
4012
5149
2671
3498
3541
1884
179
3505
5905
3713
2654
1167
2538
5278
2445
3554
1908
3788
377
1072
3887
5188
895
4002
2117
2706
303
1749
314
1308
966
2897
4008
5163
1818
2462
2580
1998
3427
3548
1886
1869
5244
2579
4022
261
5249
1783
6007
1288
131
3417
5251
830
758
2717
3999
4023
3673
5178
1929
2356
1815
844
1807
1117
271
4903
1866
5314
4004
246
1933
2568
3998
770
1718
3531
2855
1667
759
3789
2525
6706
5179
293
2677
5198
2807
6018
4945
1675
1879
5004
3526
2822
2699
3372
1797
4013
1775
845
2529
2232
2716
1895
280
1687
2354
5194
2225
1828
6586
2521
4037
6646
854
1762
5254
1905
2219
4796
1373
1218
3664
1885
4025
296
2676
832
276
2711
274
172
1536
1864
6005
3430
2274
390
783
1699
3332
983
288
247
1785
1754
5187
7600
4740
361
2101
2575
2110
1093
1932
7371
1095
154
5177
1753
1802
4052
2614
3855
7421
3406
1991
2125
5257
1216
7402
191
248
175
3937
5850
2712
6585
1705
5281
2118
1923
5246
1513
2133
289
6868
6859
143
2729
2245
787
2236
262
936
1289
2134
3803
1014
1676
694
118
4963
2826
3467
5191
1819
2344
1031
6606
4145
1739
5214
1863
1836
2786
3780
1302
5275
4766
996
3504
4003
5150
305
2058
2097
290
58
7548
2802
4967
1688
5181
2037
4204
149
4786
4733
2894
1702
5899
4017
2368
5841
1096
2471
1890
1726
2685
307
6672
838
1222
4800
986
2736
3426
4019
1310
2346
1910
5277
5253
884
962
2829
790
1857
366
526
5900
146
6620
6602
2264
2010
1414
40
1315
1752
2687
819
57
1003
1431
48
308
3809
7773
3567
5012
1763
2415
3550
5115
1732
1741
2120
3452
4024
1708
836
1845
3408
43
331
1735
1217
2237
1147
2396
2494
1210
738
2574
2193
3727
8208
3703
1314
2086
4057
900
2745
1514
6841
2617
73
169
1786
112
956
3757
323
140
2039
3812
6086
6840
7392
3873
253
1880
4994
2753
14
243
80
690
3272
1734
5910
1089
2030
3525
167
4247
3331
1976
1415
2735
1877
5276
391
3107
3418
1777
2675
551
1069
3781
3422
769
380
3308
1824
5084
4916
3491
1789
4912
862
6642
1101
5386
1681
5248
4783
3407
256
2130
2800
365
3939
1545
2112
2078
703
317
5903
1882
1178
5264
3968
1231
1812
1867
3761
1686
843
3786
4071
5183
4751
766
2132
4859
3573
313
7482
1013
5009
1860
1927
4043
932
2895
5927
257
5168
4060
1710
2096
1225
4972
2136
5265
5024
310
839
4011
1834
2349
1299
2844
1396
161
3576
5011
2589
1779
1793
4006
3511
994
3534
1082
5315
6628
6643
2015
1697
1381
176
5716
245
1868
4817
1016
2421
2923
158
2158
6619
3790
5192
4054
2541
2004
818
3902
6001
2652
8202
446
1303
4048
792
4031
1821
5261
51
2027
3911
2422
2798
5173
6111
2025
5021
4556
1839
1411
2150
1811
5260
4996
5273
747
1393
1776
2325
5159
2486
2731
1296
1796
249
941
1333
398
7374
1542
4928
2880
6640
44
3035
5303
1256
279
1531
3196
316
1112
2119
4752
1033
2178
528
2341
1680
2660
2114
3768
142
5916
1949
926
849
2082
1848
4058
2662
6634
3602
4336
125
1511
3764
2340
260
3303
2775
1079
1788
2577
2573
7116
292
2275
1854
3700
4743
689
5189
2852
242
2066
2686
3800
913
1328
6865
3646
50
4917
4073
1695
5185
3524
2578
297
942
4334
7037
2427
2081
77
4075
5416
691
1068
4030
1285
312
83
6645
2026
5346
2599
5296
2248
1903
3333
780
250
2353
2355
6853
1658
2234
5243
825
2338
1761
905
794
4990
2828
1977
5247
813
5062
811
5280
5144
3393
5952
2503
18
1107
3785
1826
1746
5245
441
2060
5216
4381
3608
6037
5026
315
704
3416
3437
458
4948
4808
733
3081
2791
82
1691
4819
1170
4174
2805
7420
3365
1794
2029
4882
2762
8120
5065
4045
4792
1740
5384
3445
1989
4061
2124
1399
1798
3813
1012
2604
2467
6637
294
5743
264
1508
2803
7765
452
448
69
3601
3970
3415
6078
1304
6632
1006
1019
2559
109
695
363
3861
3089
6639
4976
6613
5085
3914
1722
1416
840
4040
6116
2217
1847
2127
2207
8192
2953
6815
2122
1445
2749
1376
46
2672
1954
5341
74
4063
2401
1831
1810
7858
2153
2473
3376
404
1405
64
3088
847
1195
748
4856
2257
1747
8214
3961
3013
835
1894
2901
3250
3284
4046
281
1678
2583
1801
2380
786
1235
5241
5534
6587
1413
3888
1220
3965
1703
3654
1081
134
852
1861
4810
7383
6861
5252
381
1030
2816
2258
4016
2071
2890
4616
1731
3499
1706
8035
7256
985
1999
1936
388
4225
3746
2607
4329
2751
4746
2111
5913
4612
114
2750
3652
2710
1440
5034
2069
3580
130
15
4851
1820
5336
2019
1337
3497
1942
6092
3820
6852
742
4731
1380
2780
3680
8128
4909
6616
492
6860
4942
1100
1099
129
5924
1843
2523
1110
3695
2779
2788
777
6610
1075
272
2091
2801
2854
1827
883
4067
2765
2693
3760
702
1119
1546
1804
1721
7377
4042
6597
801
1035
765
2744
1724
186
1800
3983
442
2254
1715
3763
1947
2603
244
3851
8188
1719
3591
4117
4872
68
6044
1034
111
713
2042
60
3627
736
4143
2811
2571
4941
1471
7832
850
1859
41
5362
3191
0
7041
5171
1978
4021
2062
1760
1223
699
2957
6635
6638
2239
1392
7232
235
6922
5274
4815
4745
1221
1767
5930
1294
2123
2819
3420
1677
2011
4056
912
692
7204
2068
3549
1066
5267
2242
7752
1538
376
1377
7428
4207
2077
7376
2308
157
1366
1808
4905
3842
1470
386
6600
4971
999
5036
2094
5805
2067
6949
8211
1474
992
7060
5201
781
7260
2866
2017
4758
1769
3853
2059
1723
4946
4789
1730
4794
1249
2839
2602
1211
3885
4816
88
5887
938
7409
2512
6930
1008
4
6659
3593
2870
3005
45
3075
270
7370
3663
1770
890
1689
4034
6710
1692
360
4804
6854
2075
1748
283
3363
1358
2601
1251
5049
3412
2983
981
2020
2465
5193
6593
2519
2107
1123
285
716
1736
917
3477
2072
5037
4881
2838
7662
2092
3398
7634
823
1755
6623
392
5025
2106
904
4065
2453
2960
3972
3377
3274
121
3358
3489
5907
5901
5425
1928
1061
1145
2226
1837
2262
4805
286
3488
1367
4036
2714
6607
1679
824
2352
5564
1236
822
970
1743
3285
4848
259
4055
7803
6589
757
2061
437
809
2052
5262
1522
1232
3355
1327
1586
585
2103
2773
2250
3574
184
6832
5175
2270
5075
7296
2725
1383
724
3775
3374
23
1118
6609
5256
8016
56
3174
2089
3967
2267
2113
2128
1179
3736
304
2240
2845
5918
1694
5529
3545
2007
4930
8191
2509
1840
1157
3665
6843
1938
4761
5914
5103
3838
4768
3752
1525
2790
2830
2109
3869
444
4919
3718
4987
4497
7681
457
5742
7385
6595
2108
2429
144
5318
2003
875
548
1893
406
2737
136
4801
3012
1781
918
6626
3403
1872
2126
3454
2095
2351
2001
1005
1641
1870
5046
2057
984
6631
6963
1733
4217
49
3596
4163
139
965
2707
1229
3495
3116
663
5061
5066
2268
3361
2049
4809
5302
5437
3411
4062
1155
197
6034
5804
2678
382
2028
1041
2105
927
2608
4172
1751
1858
1787
5052
1833
409
6872
1757
1766
4728
7373
4303
2896
1539
1386
1388
908
1805
5064
5379
1832
1745
6107
2498
5048
517
5569
3206
3776
3857
5125
1902
224
4162
2924
763
3769
827
4350
2543
3976
147
3889
3476
2647
1297
2238
1243
4047
771
972
116
2899
3697
4799
298
1744
1432
7857
3
3964
721
2610
4961
1132
3095
1768
5176
6974
4771
5928
1171
327
6588
1554
1403
1287
3396
7627
3540
1142
4050
4253
2233
3600
1738
1684
951
1204
6088
4199
258
3546
1532
1835
3409
6917
967
370
183
2063
1488
2627
1700
5908
892
1143
6378
698
3360
722
5544
70
3082
3401
4807
4962
2079
4850
8187
3900
2670
110
251
2
6751
5922
7731
3357
1856
4029
887
7804
1906
1853
5058
4093
3557
3515
4734
2649
1213
3338
1841
236
2658
1823
6212
3381
369
2034
6584
3694
2709
302
3460
3383
2848
479
1478
6625
6608
1067
4943
2074
1670
59
3326
1772
2398
520
2864
301
1822
2514
6002
1230
1642
2174
3995
505
499
1771
1400
2570
3569
375
2817
6624
3566
1987
2847
943
2650
2950
1024
2168
5156
1750
1953
730
78
5715
4456
1290
1244
282
3935
2722
1007
6098
1816
62
6735
734
7369
1397
1224
2252
5926
3181
2002
2115
897
3684
1918
7321
2224
7833
401
4072
3071
1709
309
3720
1790
2776
2223
1930
1104
3362
8096
1517
2084
4984
2099
7410
1829
1682
2194
1809
1410
4146
3380
3589
6702
6282
924
456
973
2165
3399
3431
5935
1097
2784
4944
5714
3728
7386
1937
6748
7390
2276
1981
888
85
6120
2892
971
7337
3390
1457
1696
5932
1862
538
384
2182
2806
6630
4307
4076
1941
6518
1025
8205
2746
4182
958
5329
5925
2954
3730
3711
944
1727
3400
2516
5039
5418
6591
3463
3977
3971
6050
3798
761
2181
463
5088
2000
3343
1090
3253
8018
135
2867
6505
5190
803
8009
7397
2343
1791
2135
7021
79
42
1000
3145
3189
3555
1993
3582
3916
5938
2246
1713
1022
1817
1363
1527
726
2070
3352
1803
1071
372
1516
8108
2065
957
1846
7229
6029
2531
4219
5212
946
3371
700
1040
2311
2818
2342
6731
6621
1239
842
5237
8217
3397
5915
1946
7478
940
3192
225
3347
4978
3354
2609
934
103
2797
4032
6379
373
772
1291
5067
4388
1080
3774
880
3433
615
3287
3792
2218
1094
6627
5956
5933
1083
6008
7656
1988
3767
1334
3705
5015
3378
3729
4069
910
4206
5999
1412
1756
5616
882
6371
515
1759
1402
3486
6598
6109
1648
8193
2865
2249
3749
2306
1091
3348
2314
1219
5904
1714
4041
3714
1825
1806
1982
976
1640
133
817
6336
3825
696
2962
11
2659
2561
2324
2155
1106
2220
6863
7798
1428
6489
6217
5022
2843
3465
5772
2540
5944
1952
1491
7257
6103
4223
1530
5143
959
1433
5929
6059
6886
3969
252
5044
2772
3428
948
6869
4216
5196
3744
753
4754
4100
95
1368
6
4924
1153
1240
7532
4015
254
1663
2511
106
2147
328
8253
1580
3109
4272
4997
2653
1524
5220
6223
1084
7237
5909
1685
4680
6096
1121
751
2878
7970
6750
5108
3922
3659
7384
268
207
4787
482
1389
470
902
4033
6647
2613
1683
3793
8123
1070
3717
1865
3689
5844
494
7273
2152
3849
4202
4545
7435
199
5042
2476
397
3556
2176
3424
2167
3492
3597
1634
3899
150
3527
273
778
2680
6629
5169
920
6115
529
3335
6636
5542
2796
6644
2005
3595
3466
3262
4965
1550
955
6605
2016
799
5953
1493
3662
2536
6857
1306
3414
3766
3036
5316
2090
5954
86
81
3692
1206
2774
5100
2612
750
5136
2969
4028
1543
2597
3701
4166
2763
5051
717
5030
2320
7345
3710
7607
7859
5005
5112
797
4601
7387
1263
3392
19
8182
2759
1001
3985
3447
2251
4749
2560
879
440
2972
5283
1318
1137
6611
3770
1782
2260
795
5054
3892
5415
3083
2755
6067
3480
6594
5028
953
2172
20
3039
1347
6934
2323
676
3359
7808
2164
720
2738
791
3195
4818
729
3896
6162
3304
2872
3457
3974
2704
7049
3656
6043
1159
2129
6670
4686
2191
1359
3439
800
7401
3419
66
4191
2522
896
5931
5002
115
7379
1716
1852
2137
6069
2888
3669
5040
4989
2083
3410
5124
4312
1529
7348
3811
1912
1669
518
7619
1765
2244
1086
2088
4908
826
6749
455
5917
90
126
5205
8000
24
7398
3483
2572
5167
907
8218
2370
3771
7071
7925
2666
1394
6694
4482
2598
5947
1136
3754
2269
1194
6053
2273
715
906
3583
3584
831
3461
2820
749
4960
2420
3388
2053
3502
5215
3898
3199
7612
7439
4164
8071
4880
2824
306
2752
277
3734
1131
1215
275
5703
96
2904
4788
2064
1062
5043
2592
3442
2490
4991
784
465
7875
1292
4983
4596
2198
1844
6114
7276
6789
1523
2850
4549
2044
2823
4283
3807
6174
2024
2161
5076
3111
6681
2358
3402
4341
5419
2553
3547
2787
4982
4957
7052
3676
3880
2104
2849
8129
3349
2131
2255
1212
3315
6011
6599
7230
3330
2778
4608
3588
8066
2682
2869
1737
2285
7430
2291
2256
1198
424
2879
2098
812
1233
2555
8255
2243
3413
6545
3866
6019
7937
3106
7442
3561
7701
3423
2893
6094
2056
5155
3494
3451
6541
4227
1659
1160
3748
1353
6603
1850
1237
579
1228
3351
7948
2040
6614
4710
3194
3552
1526
1295
1944
915
3844
673
3334
1004
3337
952
3590
4730
2253
2681
3702
806
1391
6847
367
7313
1690
5740
5306
4896
214
5263
2961
5330
5013
5531
5548
291
2548
3193
4936
5016
7297
4555
1324
6124
5337
3575
3779
295
6010
2036
7485
1357
3806
1408
4480
5060
87
7831
7692
3672
1849
4051
4479
120
6692
3579
1934
6618
2825
6292
810
3598
2102
6082
2587
3565
4744
7231
123
2347
1342
2567
6161
960
5308
3908
4849
6890
851
990
3907
1319
3366
7393
3897
6711
4760
4999
3379
2041
670
2545
2014
2212
5305
4980
6931
5911
804
3369
4860
1725
3784
1088
1535
522
3910
2085
2668
447
3709
3804
950
1010
6615
2121
2565
3973
2263
3032
5059
546
1281
1472
5307
5535
1209
3886
7423
725
7936
4273
1242
4524
3310
5029
909
4790
4915
2981
3932
3795
808
2740
4131
3587
2794
468
5184
567
7688
1441
6633
3113
1205
4907
4937
1593
3074
1448
2265
61
7226
1851
6077
266
5521
7324
3395
4038
2023
4985
6592
3269
1707
498
3086
5609
4376
1312
5978
5121
3864
3963
3558
405
7788
1395
1842
3843
7163
2713
6590
3632
4953
7877
3715
2221
5580
5057
4066
6733
995
2868
3009
2689
8109
4000
837
2903
2148
105
3966
1257
2100
1348
558
1742
4938
3687
2180
1203
785
3529
3740
3837
5154
1234
2151
4981
6358
2734
7382
4257
899
2436
544
1612
1371
3850
7038
5003
3901
2296
7536
2073
6612
1253
7206
2495
7830
127
746
6736
6839
1018
3506
5906
1449
6834
3738
4998
1078
4814
3756
5799
3870
7277
1588
1452
554
693
1979
7183
5109
4634
3513
5086
3881
7821
2331
6596
5007
707
1674
7425
3712
1127
3725
1473
5800
1341
5206
922
5137
4732
2231
5286
8011
341
2768
3015
2900
1486
1379
202
7797
278
3112
4935
3292
2881
3936
2483
3858
2810
3559
2313
1551
3434
2177
3182
3975
2661
2333
1064
4956
3520
7683
4940
3336
2048
5204
2605
1254
4926
3512
5209
322
1115
5946
2968
5038
7853
921
1214
4992
1390
3188
5211
6127
7368
6848
1077
4476
400
5986
886
3481
2831
2989
5200
3660
1668
7293
2093
3681
119
2767
3270
4862
7322
6604
4214
101
1992
1346
6720
4044
4188
1830
2038
5313
821
1451
2035
3134
4448
7381
1855
5923
5762
4546
5161
7361
2891
7424
2033
2261
6844
1444
1407
5948
1087
1074
4970
6571
5963
2606
3731
599
6149
4741
5765
6678
4335
3503
7417
542
1172
396
3171
502
4797
4176
6902
4552
6535
5217
4493
2764
2507
1165
998
2708
5377
209
2600
5719
3551
7690
1144
3762
7876
5615
963
987
1650
3429
820
991
7633
5118
3808
5955
2328
4165
5130
1238
326
4440
5288
16
834
1085
739
4192
7436
7249
3571
3822
1419
2293
1356
2958
3753
4904
5912
91
1443
5157
5195
1985
6023
7740
267
3325
4947
988
3021
3279
7871
6254
5920
7268
3883
1911
5008
3836
1029
7601
3485
4993
1717
3918
237
2381
1076
7599
7880
2669
335
1764
4316
5701
4184
8212
2771
2898
2792
5226
5754
8276
5895
1996
4855
3653
2080
4802
1300
2837
4742
8224
2700
2992
727
5934
3226
1720
2022
6016
7391
919
5348
4551
4847
2618
4964
3386
6014
4354
893
865
4974
3501
217
2630
8015
1340
6791
6601
3716
2835
4187
3533
937
1149
6342
1975
3797
239
3266
2054
7015
5424
3750
7717
1293
6842
4467
2139
7920
8103
7395
2757
8203
1711
325
5129
3912
2266
4874
7196
1584
4720
1177
5921
6104
5622
2733
4173
6478
4475
3773
2728
3405
3726
1026
7203
1098
443
3201
3586
576
968
5063
3385
2777
3658
5282
2723
7352
3127
1644
2665
3661
793
7764
1245
2793
5050
2013
7629
807
200
1990
6300
6987
508
4194
2283
4736
6913
2873
4618
2741
5270
1
1151
5164
2815
3743
5658
6344
3979
6622
1092
4966
7512
7233
1540
2515
5207
2009
7050
4955
7362
5031
8251
2874
3562
5647
1838
2479
1360
1073
2470
925
6743
7666
5158
3930
419
2289
5950
3281
3699
2562
3404
2021
371
1248
4064
5056
1298
2316
754
344
2247
5550
1120
2468
3917
4973
2991
5530
2485
5737
1437
6419
6106
2629
2050
4952
2563
4078
2615
555
4986
6024
4892
6673
2524
1269
3988
2836
7776
3448
5160
5697
2760
1375
7199
5897
6333
2272
3923
3001
5340
587
4767
2489
31
4626
3099
5626
3370
1548
7280
6835
3085
2018
5410
7477
7046
1698
6102
402
4443
5392
1506
776
2463
7916
4211
4242
2277
5457
5027
2327
1435
3962
4988
4722
2556
2554
7724
3862
4979
37
2902
4218
1896
7646
2841
2656
6428
586
1799
7766
5631
1398
5000
5919
8115
6726
5738
3879
1338
5174
2616
3162
5080
269
2986
5010
1899
7486
2321
2724
1374
5079
2504
3084
3570
1625
2173
393
3563
6004
2208
5165
829
7450
2348
1914
1382
1960
3364
7016
3745
3019
5750
7375
6218
5349
2496
263
3819
8
3092
3517
3765
6009
568
6856
7139
7032
5430
7292
898
723
5759
3841
3686
2590
93
6955
2782
1712
75
6041
7699
2400
7064
4933
3391
969
4104
2032
533
4866
4781
911
5547
6095
6683
1671
2319
1997
1533
7403
3633
3651
743
3043
7850
2171
3007
5801
4554
1950
6641
3794
2367
4950
3845
6058
3387
453
6341
3018
552
7270
1957
7418
63
1547
8137
3612
7730
7208
2756
7210
8113
2008
3507
4137
6794
2031
4939
3882
1693
284
2076
8033
815
8098
97
4361
5549
4331
3615
1436
350
26
6699
2475
5398
1227
1169
5289
7422
4190
6522
181
2204
3603
7549
7378
4527
5338
7626
7180
7253
8134
5672
535
1009
4958
8286
4718
5717
2189
7355
7642
2544
1994
76
2047
6617
3008
789
3867
4474
3299
2622
7294
6874
3446
5166
1246
4465
8209
3679
4215
5229
3375
7866
2655
1813
1597
7026
71
2999
7676
1549
3023
923
6276
1226
5847
3187
5219
5627
669
6745
8019
732
6870
2326
7966
706
1704
3934
53
5295
6682
6800
364
5047
338
7678
5162
805
2697
5511
2051
7781
964
3041
6105
1103
7539
2043
3777
6210
3945
3011
7043
7388
7341
525
5432
3368
3436
4921
4747
5545
2464
3815
4198
4779
5414
737
2179
1891
571
7770
4092
5552
1329
3353
1778
1148
4899
3721
47
5939
6015
3617
7664
2789
3110
7437
3791
3893
6737
5035
6940
7396
2781
2998
226
4770
877
3514
1780
1352
3166
1430
7426
978
22
613
3500
2918
1587
1027
137
6582
4262
2663
3876
3280
3647
480
7682
8190
6219
4784
3904
697
5213
213
3581
1983
2472
7449
3464
5381
394
2315
4186
5110
2241
6380
4138
4200
5794
2739
1250
2055
7873
3805
3772
929
7589
182
7581
4498
1792
3273
6022
3913
4660
65
7285
7723
2557
379
374
2591
6042
300
1028
8075
2408
7211
798
3564
6712
7191
7429
1622
506
728
6740
1343
5411
4599
6376
4492
1116
4195
8196
1651
8161
701
2594
7011
3796
7326
7852
3108
1384
3144
5823
2551
5528
7639
6128
6420
2964
5140
4228
7030
993
4762
1146
4196
4136
1284
8210
1044
3003
8143
6687
6724
3339
1925
1469
7290
5775
3871
3722
3493
5151
627
5333
6036
7013
2783
3874
2162
6117
4175
4481
7359
1507
232
6123
1577
6773
8225
7935
7342
1247
7219
5694
7235
3087
828
6383
4305
5614
3859
1464
945
6915
8194
3102
3103
2406
1578
3938
1372
4209
4864
8288
1017
7320
4308
6883
6100
7816
6074
8014
5345
712
2222
467
1484
1362
4879
4873
4222
7837
2795
5431
7508
2642
4274
8140
5172
7162
7036
4875
5940
7008
5092
7550
3783
3832
6900
54
2166
1141
185
4614
4193
399
5790
7545
6065
4160
7380
6969
2859
7014
1182
1207
6504
340
5806
6060
2480
5789
2576
2963
1134
6351
7843
1585
1423
6497
6051
5570
7825
4210
8207
3080
7669
4729
7389
3183
5429
8008
1266
5532
6714
7972
4178
1038
4183
796
8201
7311
6266
2466
5644
3462
2332
3635
2259
5032
2394
2160
4171
939
714
3208
4597
3755
6876
196
4304
2045
4583
3891
7272
7194
3980
752
6097
1553
6075
2876
3683
600
4275
6776
7736
1345
3535
7806
6080
1784
1795
3572
3682
4478
4913
1537
4317
7065
4977
3384
7637
2474
2478
1113
4201
2877
1175
7613
7624
3052
1479
2196
6899
7223
931
1124
1186
6716
3758
3544
3863
1534
3479
5784
7640
1130
8101
3920
1301
4245
7010
187
5438
4197
4445
1059
7291
32
3469
3643
7908
8199
2299
8057
3323
4177
4221
7635
3599
128
1774
6957
4949
4507
2539
8221
6461
4181
7614
383
7028
8127
2861
6884
1477
4490
4158
3919
8125
7784
5324
3045
8053
513
2170
3104
4793
2360
7641
1201
1364
3482
201
7742
5958
2985
6021
3787
2413
3449
7118
2403
385
6742
1701
885
572
2329
3642
4934
3981
7033
1887
25
3905
7330
7266
5393
387
2229
3592
916
5287
7394
3078
3982
7739
2860
1422
7819
3124
4053
6862
1187
8110
8216
1063
5874
774
104
7447
5655
6264
3989
7018
2955
2611
6696
5842
3027
6850
7446
7236
7828
5001
4101
6965
982
7811
1897
1602
8296
218
2491
1199
7019
7023
2388
2317
4738
3666
2322
3940
2397
7343
5382
1631
7241
7474
5023
5300
4082
7757
6073
2875
7840
5945
3824
6801
802
5380
1606
460
1021
7332
575
7325
4725
4180
566
4516
2375
2645
4600
1940
7455
2312
6978
7644
7881
4205
5420
5312
5148
7938
6110
3846
1164
7265
2190
5795
3782
6892
4893
6076
3169
6275
1919
7025
1200
7020
5134
5891
7902
3283
3696
4876
5745
3034
1168
2282
5221
4472
553
7274
5818
8213
6246
7909
1496
4352
2387
6838
5068
3817
7741
4704
5573
5170
659
4220
7610
4544
2593
1387
124
2302
5113
4748
5588
606
434
3373
5236
7258
6006
7772
6783
3091
7499
3252
2948
3993
6575
3350
2920
4968
1995
1176
7587
709
4785
3251
4857
4863
6081
5982
604
6436
1467
4189
2684
2460
5131
1060
451
1519
5342
4150
2886
6066
6281
3933
3834
5781
4975
2925
1450
4250
5045
745
4170
3810
1476
461
3278
132
2309
4126
1926
1241
8133
4954
7901
3931
2851
2966
5613
2410
541
4812
1409
3275
5764
3833
3286
3453
764
7024
5791
1892
4603
4514
2657
3320
6880
6846
5807
5540
4263
4224
3265
989
3606
4865
6904
67
5577
3313
3459
7066
7427
4694
5317
7082
4669
2376
7543
6055
3346
2405
2667
3992
2547
6407
6669
3077
3609
8267
7314
4039
4468
7027
8112
4309
6250
2912
6176
7906
3830
2373
1385
4332
3827
6290
7022
6143
6079
4167
549
2997
6063
3594
7759
4105
4929
6361
240
4251
5353
560
3197
6220
113
3202
1541
368
1190
914
5020
389
7899
7334
1520
5554
7029
3560
1320
2141
5936
6129
1015
3605
471
7578
767
1453
705
6091
1163
4213
3634
8132
2469
7252
1503
2363
72
595
5405
4632
2188
7861
6719
8145
1350
710
474
3228
192
2138
2292
4310
5053
8198
1032
1497
2197
3639
3248
4449
7746
7405
1434
2679
2626
731
6939
2290
6816
5378
3688
7358
5073
2157
8005
6108
3509
5757
496
6035
3356
7214
1633
5225
3801
7012
6885
7329
4927
3097
6916
3508
6986
5231
3719
1173
5493
6012
8139
3129
7045
7907
4495
573
4208
3878
3802
638
583
4059
4080
7244
7498
3340
5943
3604
1500
1951
5691
3668
6488
7749
2971
4483
7818
2863
6972
4168
329
378
7748
6908
5309
623
667
666
4932
3759
6310
2926
7867
2371
2853
89
7198
580
3319
5651
6165
1126
6101
1758
5203
4606
744
3723
3231
928
1460
3220
4417
523
708
1959
3030
2202
3978
740
4592
417
7182
180
1351
2974
7947
7786
6414
3707
1154
3741
3212
4829
6286
5776
755
5081
863
4348
7999
559
4127
6894
4602
5472
4314
4886
3130
2549
6490
674
5383
7042
7921
5664
8114
6064
6296
6701
4764
4485
1632
4867
7862
5331
2973
7547
1279
4723
194
584
6046
7491
1907
640
6090
3638
4756
7159
231
7040
6121
5078
8293
4914
178
5509
2409
5055
5653
5218
7193
5660
1424
7110
7753
7783
1135
4910
5739
4385
1963
2227
107
3163
7443
3799
1943
3175
7727
1916
6822
3621
5069
5332
7874
4890
5642
4122
1461
5111
2482
238
4757
5537
5845
3190
1898
7295
1208
2215
8223
5758
8094
6283
1463
3017
6494
2747
7445
2383
4655
5228
2487
6928
4347
7869
2566
5294
6531
3840
6536
4169
5894
5788
1196
332
2726
6952
4377
8107
4416
1920
4212
5310
8263
7156
233
3630
5350
3872
630
3818
2517
1598
4151
3425
3644
5351
8283
8278
7620
1011
6061
195
5560
6864
6746
1552
866
7475
472
3655
1596
5589
439
2407
1056
3076
582
7914
930
2365
5624
3852
6998
5139
4775
7364
5846
6727
665
3064
6548
5390
7461
5400
4477
6544
12
333
3948
6032
7247
30
6048
7054
7585
1369
4441
3209
7606
8095
5436
4098
620
6984
416
5527
6033
3685
2374
3987
5298
974
2840
3186
349
2488
6325
7768
5981
4179
3667
4246
5641
1654
7039
680
3211
711
2210
4132
2976
4496
5756
4134
6728
6954
1425
6693
3607
1579
788
4559
478
208
4264
1188
735
7031
1569
4629
4969
28
3623
6070
7451
3048
1984
2884
2393
5095
7017
2330
975
7316
8189
5997
527
7795
3637
1332
5792
6334
4203
7462
4135
4259
5094
422
3994
5119
6547
5803
8102
537
521
5770
1608
7870
6845
7949
6013
2970
3860
6515
4344
5421
6122
1499
7761
2990
4877
8294
36
5951
2366
634
6153
6387
2664
1446
1876
4248
858
6700
7047
4232
5427
6052
7799
3282
7872
7339
8281
7674
7696
3471
1264
206
7981
4726
5957
7299
7660
7790
1036
5071
4739
6374
4185
7034
7281
5454
7009
1180
2648
7267
362
3094
3909
6253
7440
4412
4099
7596
6112
1133
878
3474
3991
6163
7055
6790
2492
860
1652
1521
4408
3450
3952
8048
4254
4226
4894
1140
3847
5142
1624
3610
5563
3823
3865
1417
497
3311
8073
7479
6962
5222
1108
3996
1272
4121
867
7505
2477
4237
4333
8130
4750
6350
3432
2310
4260
2305
6357
1322
3178
3367
7132
3831
3472
7255
6287
5367
1627
3473
1563
3895
4229
7308
8295
216
7457
1873
5234
5082
2889
6833
4086
1935
324
2956
1102
4252
189
4878
3568
3180
6040
2412
8151
7271
4296
8197
7675
6084
7615
3243
7582
4115
6786
3839
3421
3732
4772
8049
1494
3115
1638
7129
6747
6000
4845
7062
6267
2456
889
7460
4320
2294
4340
5311
420
6858
4931
6867
6417
1582
3484
3146
5582
773
7616
7327
7310
7802
7836
5810
5760
7480
741
1639
2644
6298
6322
514
5980
4895
6495
8290
2967
7051
4444
5780
4077
4923
6479
2336
1617
2012
7458
5636
7538
1660
6438
3128
4070
3690
5988
6805
3301
7605
8084
592
2411
7454
596
4396
7197
5561
403
7673
5608
6950
428
3221
3678
38
2213
1129
6782
5041
4284
3276
6441
6901
4759
519
5285
7319
5347
8274
7572
8024
1475
2318
662
415
565
7729
8002
2640
3475
426
6345
1181
2209
227
657
7061
3438
3826
29
5293
5543
3133
483
3237
7838
466
6324
8222
8004
99
8117
2921
427
6397
621
1487
977
8195
8289
2978
3122
7544
1901
5843
7404
4256
3670
6708
7533
8064
5551
4130
8013
6927
5074
1193
5667
3264
7982
6959
6317
6247
7347
7750
601
4774
7209
4661
7287
5578
7950
530
6914
351
3259
6054
6723
21
1565
4118
6119
8017
3631
2977
7250
3924
2639
4425
7974
7165
1349
3139
6658
5423
7413
3739
5863
8105
6944
8027
8012
1002
5876
8206
7
607
6758
4321
5865
5417
7668
2930
5998
7898
7128
6520
3906
509
4769
7684
4995
2140
7691
3921
2638
2228
7540
6017
4389
4357
1483
3006
4353
7406
6393
7506
3141
3079
6113
8055
7659
429
5455
672
8099
4116
4390
1945
7500
7200
2951
2369
1161
2887
8038
4397
5208
3693
7115
7835
4338
7834
6365
5077
3038
3314
718
7225
98
2297
5364
5562
7632
438
5652
5558
8285
1900
6500
675
760
4871
2186
1956
7192
2392
3033
7261
3318
603
594
8104
484
6849
602
6722
7592
4628
3616
5648
3528
1871
3704
3553
4806
6126
6125
2361
7057
2484
1355
857
4502
7142
6413
7264
8138
7300
997
6368
3014
3051
2187
3737
4144
5524
2862
4276
3645
5973
2564
5989
6045
7121
8277
4313
6093
6837
1661
1152
3184
5867
3478
6732
230
6216
1664
1283
4633
7814
8181
223
6083
6062
1485
7056
5787
7399
4414
7053
4240
7780
8068
1335
6958
5413
3382
4327
3010
3294
5477
569
5533
1258
8072
355
3312
4281
6964
5628
6792
1566
2211
3470
6523
3204
4111
3016
4084
4119
7978
4538
5793
2382
430
1150
7891
3636
4399
7263
4473
4293
3394
3856
3523
2623
6807
2808
6403
2378
3868
449
5412
6269
4486
4721
4299
6707
2377
7609
8025
8077
339
5443
211
1589
609
3890
7408
5513
6932
4692
6359
1468
3205
1406
6183
4409
7096
6512
7608
3521
2395
3093
2552
7778
1139
102
337
8215
577
6875
5797
3185
4638
4140
5612
5713
4356
6316
7044
4413
652
5786
6307
5698
2390
1490
590
6903
4365
7743
6085
5391
4889
5297
7993
1275
7059
8087
7286
6089
3816
547
6314
4141
6118
203
3944
490
3042
4689
6189
5099
6806
5426
1049
5202
7195
55
7344
4885
4735
3941
7315
7809
2799
7134
2481
6921
1878
5128
4420
5857
5072
4822
6907
5479
6933
7661
4658
6947
7202
7643
6261
5428
2169
1594
5230
7568
5598
2959
7630
33
2546
3657
4471
7172
7561
7687
1623
4469
1672
8022
5632
501
618
2185
2520
4261
7400
7695
1336
7085
5567
5637
1619
3532
5335
6222
7817
588
5343
1317
3641
3288
947
221
6906
1673
5849
510
3915
2635
7312
6679
7372
3854
4776
4635
5753
1361
4844
5474
6131
6477
6537
5486
4090
1501
4719
2550
7849
6966
117
6936
2303
3155
539
4727
5096
3210
1583
212
5729
4387
8168
4097
3522
3207
6971
578
5387
3698
4153
5970
215
2906
2192
1636
8122
6057
6887
7318
8148
6551
3203
4393
1665
935
8121
330
334
6873
5224
4504
1111
5462
3619
1646
5892
7652
4617
1504
1354
7007
4920
6528
2943
891
3829
5352
2386
6744
35
6437
2402
574
5496
1325
6257
610
5360
7977
6245
477
2493
6517
6960
5778
5796
6912
2154
3955
3147
6891
5709
8135
2384
6207
3625
3118
7086
516
4534
7931
2144
5676
6038
475
2624
3214
4553
7534
6271
2883
563
8171
7145
4541
5621
8056
5861
1138
5522
7932
1429
6169
2385
1655
7242
450
6709
4271
17
7238
5583
7542
4621
7654
4513
5594
2941
6382
6924
4636
5992
7360
7340
4902
7962
318
473
6752
6538
876
6961
4152
8026
7807
3324
756
3022
7520
3177
3219
1647
3519
5699
7414
7176
5152
3142
1955
5633
8106
2646
7553
485
7894
228
4615
4649
4411
6923
4780
4627
6087
5673
7698
6808
7994
7844
3137
5481
4813
5990
7905
564
4584
7618
6529
5495
5837
4406
6970
6481
7157
8085
1109
3650
2993
2922
4547
4830
3848
7971
4888
7470
6406
3305
7456
210
2988
7590
3322
7483
4581
6546
5240
1502
6349
7657
2145
7822
1128
7559
7212
487
5746
6056
5838
8020
903
6695
6539
1122
7737
8061
1630
5783
7234
687
550
4133
1265
4501
3002
4300
6025
27
1166
1645
869
6568
4470
3167
3440
6204
3984
6141
7089
4156
3238
5374
7738
4672
633
3626
1600
4922
6926
2633
6674
4087
6855
4625
6967
462
3828
7751
7452
7760
2280
5107
7922
6268
3213
2379
7611
1629
5447
3072
198
2542
6802
1326
6388
6284
188
4386
5354
7112
5700
6540
5959
7733
7215
3468
4897
5870
1492
5235
1628
3215
7929
4675
4519
6831
6049
1378
8219
4286
4337
6285
4258
1055
3577
4068
5123
3510
5733
3926
5525
6882
7524
5500
7782
4128
4278
7434
6705
5693
3198
5731
13
7694
6386
1921
1558
4346
6738
5987
1656
4269
4270
4282
4288
4290
4295
4318
7207
5439
8126
6263
1626
7839
8257
5321
1643
5083
7161
8297
8280
649
2933
5604
8204
6982
3306
8063
5964
3247
8080
6332
7224
7254
3708
1466
7323
7269
6542
3530
6400
3990
4925
7122
5133
2949
5301
3986
5559
833
1370
5748
3389
4700
2919
3953
5824
2288
2947
6071
6230
6980
3927
7893
3613
6311
6689
7243
2399
4536
7744
5680
7988
3456
5210
5397
5491
6305
5093
3136
6458
3894
4540
6552
511
7851
6534
8160
7126
3200
92
7794
1613
3884
1590
1969
6159
7735
6047
3671
6975
3835
5451
5339
4589
486
7502
4157
605
4364
4319
4323
6797
7826
4712
234
8028
4161
3309
4825
2364
6935
3821
6543
7284
2286
6260
4419
418
6524
6795
3747
7298
8044
5937
6898
5503
933
4838
8031
7205
8136
7259
3585
6363
6409
7514
4394
6367
5755
6225
7177
6227
6072
5098
6240
4870
6289
7465
1509
3131
4239
3058
4517
7151
7697
7535
6717
7785
7665
6280
534
6279
5120
2175
2643
8030
7433
3724
6741
4622
4631
7178
7317
353
6256
1192
1495
3170
3069
5839
6516
3317
7847
7309
901
6192
1418
5579
661
2637
4782
7476
6355
6360
7927
6784
7221
7628
5070
3487
3706
4114
5883
4155
5976
5018
6948
5571
7815
8083
6718
5638
3060
2149
2625
4074
1614
5718
2621
2910
3458
6329
4663
7667
779
8282
1968
220
871
5328
6337
454
469
4891
5782
2975
6068
6767
7526
5516
4853
2965
7900
619
7356
7184
7829
4423
4918
1604
6942
6154
7567
6905
6291
7755
2634
3455
1105
5116
7143
8248
6352
4499
6099
7412
4505
5291
5290
7289
6877
3254
4911
6768
205
1185
4349
2216
4585
6272
1913
7487
5344
4148
2199
3877
4398
2156
7481
6734
6172
6527
6480
4447
8023
7248
7767
5484
5584
7551
2636
5585
489
3620
7438
2214
5456
7985
3435
2858
7919
7913
6416
343
100
6262
5105
2046
8090
5852
5704
6303
7058
6680
7094
7763
6152
476
5902
493
2389
4355
6328
7000
4883
2619
1637
3020
1601
5199
7511
5802
7467
4085
6394
6320
5299
7775
6671
5864
1948
4607
5102
5319
561
6519
5949
7602
3165
1915
6330
6985
4518
7119
4079
3649
7570
5334
6760
7563
6484
6549
6326
7769
3903
7762
6348
7517
7557
7080
6185
4520
4630
6308
6243
3154
5879
7130
4713
1051
6270
7463
1162
5995
8239
5822
6193
6993
7883
410
3024
4244
1438
7186
5896
6251
5117
7588
6559
2937
557
408
7631
3925
5104
5766
4532
6439
5761
6249
6197
4763
5320
7734
2620
6248
6039
1260
7109
6956
7960
6704
3490
8091
7141
6499
5473
8039
6427
7810
1043
3225
5356
8089
1967
6259
6288
4646
881
1874
7088
5458
671
6804
2203
1047
1595
3640
3040
4255
2909
5623
7201
6809
7846
5600
8275
3037
7912
7164
6787
6297
3125
4306
4613
4521
5403
4637
3258
512
6353
7444
5284
5722
8220
6871
2205
3537
4378
5596
5984
6391
6301
4887
7758
1611
4562
4550
7915
7333
7569
3751
5595
3628
5488
6278
4149
1666
6319
5767
5480
4724
979
4384
3123
7663
6810
3518
5127
6973
532
7519
320
7448
4280
459
1481
6265
3538
7484
3090
3025
8167
3236
2404
5138
2304
4484
1404
7942
7903
3443
5401
589
3290
5649
1592
4238
6976
7574
464
7991
6231
7147
5669
4503
4579
7301
7516
6570
5461
6688
2631
4512
4682
84
7525
6389
4834
4884
6384
6385
8142
414
5575
4650
1621
4582
3121
6377
7035
8200
5553
4234
6799
7216
629
7841
570
4142
536
3677
7501
34
4491
4645
3542
4515
4510
3117
954
5089
7133
5106
5404
5885
3328
6203
5773
5769
7278
5469
4265
7354
5993
6550
6187
7166
7282
1344
7990
5961
3260
1559
1427
6510
6313
4442
3958
4861
3029
8147
7998
5467
7350
3441
5485
3268
6953
3733
1255
3046
4294
5395
5620
7107
7655
5361
5687
3875
6929
6194
4494
6729
3946
1591
5736
4236
5630
8074
639
4279
4428
2934
6237
7140
4102
7335
5625
5517
504
431
7190
507
5674
1339
2916
7488
6878
5101
3277
8118
5977
5825
6888
6771
6472
4695
6533
4687
6408
3218
8259
5586
1331
7904
4831
4297
4685
7351
4342
7963
10
3217
5090
4858
3342
3140
6793
540
5777
3164
6648
5811
1046
4706
5603
4548
4624
2995
6677
6306
4594
4846
3291
4798
4287
6897
2641
4289
5749
6030
4277
5507
8149
4557
6338
7328
3158
1482
6399
5518
7992
4598
4595
7754
8124
5734
5972
7774
1045
3132
4500
3098
6302
556
7346
2632
5671
5593
6656
681
1421
8097
7621
7856
5464
7604
7941
5087
3100
8261
4506
4426
5985
3056
1442
8050
3297
5834
6462
7625
2362
7728
6299
7617
7349
6909
8175
6556
503
6521
5019
5292
4249
6945
7251
6576
5602
8284
7152
7965
3293
7842
6941
4623
4620
7331
4345
1262
7747
4662
6851
4235
8227
7150
7777
5592
241
4292
6031
4906
8155
5539
3256
1498
5372
5983
7148
7155
5971
3648
6668
7171
3691
4459
7048
6410
5122
4487
3119
5490
1568
6435
6580
6895
7789
4664
5499
6242
4737
6003
7521
5402
7111
5979
6167
7943
5574
5646
4580
7719
5975
7779
4330
4351
4088
636
435
3224
6463
4370
3307
8007
1114
864
5506
5363
653
6937
5705
1202
6179
7099
6713
3943
5774
4709
5702
4591
5991
1321
647
531
5656
8062
2278
6402
3611
8059
543
1054
4359
7518
6411
648
2628
6155
5394
5489
3516
4139
1662
319
6142
637
1653
5889
3536
8051
5546
6483
2917
6181
7791
1505
6309
3031
6318
3152
8241
6685
1270
5601
7363
7338
4106
7995
4609
3674
7983
5859
342
3261
7812
7638
7952
6988
3176
5785
6168
352
8045
7671
5832
7303
5557
3614
4110
5996
3321
8174
7969
6968
5141
7144
5893
3241
7827
5519
5744
3050
1462
4522
6339
5114
6508
644
6134
4640
4588
321
7228
961
5735
7956
4778
4392
2183
6381
678
5565
6405
8170
1459
1888
1964
5607
6798
6445
7146
6777
5994
7149
4691
348
5358
4868
6277
873
8270
8021
7771
6951
2982
1042
3096
3622
7100
1184
359
6879
7911
2984
1323
2979
4869
7957
5422
5639
6780
5304
5941
6293
7924
3230
4091
6175
190
5605
4716
1261
4828
481
7468
6661
6992
7493
6366
3157
7800
7173
4558
8037
6186
7101
4511
8228
356
8177
8300
2558
4777
1603
3951
1465
4508
7108
432
2882
5445
4154
5960
4147
6453
6140
345
6432
2200
4765
7987
7528
6946
8287
2372
658
1489
6759
5856
6910
6866
7189
5650
7541
7848
4322
5232
2391
5566
7304
5459
6423
859
7120
7693
1365
856
6146
4593
4402
3263
6211
2195
6507
7720
4462
4421
8092
1557
7973
5385
7006
5323
8250
3929
4339
7530
6188
597
7845
4315
8111
5520
6772
407
7996
5689
6177
219
7879
4688
6779
6925
7217
7464
6456
336
6662
6578
6182
6655
614
7623
5497
642
688
598
6943
6487
6824
5434
7986
6896
7672
7953
1174
5692
8291
8172
1039
4611
2946
2201
4124
4415
7153
7824
6020
1158
3233
411
7756
7187
5371
5942
3246
5808
7801
3148
3942
4379
6666
6468
6158
4610
7114
4266
581
6206
7571
5370
3327
3244
6354
7854
7680
3047
6889
8162
7473
2945
5634
4773
6919
1330
6424
3298
6451
4525
5814
6498
6663
7865
4530
2856
4566
3624
5223
2497
6372
6812
7805
5723
6274
6938
6304
651
4852
6178
6160
8131
686
2281
7063
5668
7885
5730
4427
6205
6881
5487
2459
4681
3245
612
1183
5695
3289
1635
8042
4301
6347
6994
421
6514
4671
4641
7113
5555
7979
6373
4455
229
8249
870
593
2908
5376
7864
6675
4243
3956
6920
6918
562
5097
7711
8279
4311
5872
5747
8166
4568
1973
5448
7928
347
6396
7855
6184
6821
1480
1615
6421
5590
524
4466
8086
6440
6506
3126
7510
7923
6513
5433
1401
6258
4535
3954
6398
7492
5538
5357
8156
6418
7622
4509
8310
6148
6138
4358
4113
193
7863
6813
2284
412
655
8040
5974
5831
8184
500
7490
7158
1971
3316
2307
8157
7497
5587
7522
3114
4571
4668
7594
4089
6893
4268
5541
8036
4285
2206
1599
5873
6323
8247
5732
7106
1053
7964
4369
1259
4326
7887
6660
6796
591
2944
7593
3618
7868
5696
6664
495
7495
4049
3168
5482
6241
1607
1058
8078
6171
7573
4531
6434
4328
4652
2857
4826
358
2301
7813
7366
5238
4823
7137
641
3950
7124
7431
7279
6226
6244
8292
5576
872
7523
6136
6180
6147
8001
6785
7160
6665
2911
874
2295
7167
7305
4410
7283
7878
3267
7154
7123
8152
4523
5606
6686
5492
6401
4298
6454
5860
3257
433
608
4457
8240
5389
5505
2928
645
7117
7976
7213
7732
6236
4605
6221
4302
4900
52
6755
7496
5617
4401
7077
6829
5132
7245
488
1610
660
6137
4395
7586
6431
7489
6173
6312
1958
2932
5463
4854
6995
4452
5654
8046
6404
6803
4833
5752
1620
3296
4454
4241
6364
6139
4843
1510
1048
4325
6252
7432
6170
545
5581
6684
4715
4841
7136
8264
5591
7239
8234
5365
5817
5135
5684
4561
5875
4619
8271
7984
6156
5659
6703
7504
6530
6457
4832
8159
6422
6501
4405
5871
6392
7959
5475
8029
6466
7562
6295
4674
3172
6819
5779
5017
1426
3539
6491
654
6443
7997
6331
6698
6979
6511
5888
4383
3120
5751
8003
7930
5812
4380
8041
6983
1052
1268
8079
4108
7168
3255
4839
7700
5868
5798
4267
7104
8173
646
2927
3044
7917
5878
4648
5359
4436
6811
6164
6496
6343
1917
4835
6412
5643
7075
4574
6652
346
8165
5663
4391
2942
3229
7537
6315
6346
5227
7713
4543
5325
6425
6569
7564
5854
5556
685
6327
7577
1189
6190
5388
6492
6255
5836
6273
6294
6335
6340
7725
6715
5452
4233
4488
5233
8006
4696
7558
4656
2184
6690
5494
8246
1564
3073
5840
6503
5501
4368
3161
3149
6977
6826
6198
7246
6145
861
7105
8088
6415
6560
6321
2335
611
7188
5721
3675
3444
3135
3735
1057
6375
8081
5618
5126
650
5882
8178
4231
6191
6151
8236
8254
354
4717
4590
3235
5685
2931
5147
5830
5645
4639
3000
5611
5681
1972
4324
1649
3234
4586
668
6739
6989
4533
1562
4714
1455
4159
8144
5322
4705
7127
6756
5809
5640
4439
1439
7003
7745
5869
6465
1965
7068
7918
6144
7910
7945
616
6763
6563
7820
8065
2142
4837
2885
5708
4095
7466
5898
8054
7958
4123
4840
5091
5661
7686
6553
6130
4665
7823
5483
1278
7081
1456
4291
6234
4434
5619
8154
4094
7179
6753
5572
8069
4418
6235
5771
2337
7469
6691
6823
6981
5763
7503
6555
7240
5706
5515
7218
5326
8269
4489
7079
5670
5828
7591
4373
6229
6825
3295
4083
7576
7649
7097
1271
5408
1605
683
1567
5662
6509
5724
7067
222
7645
5446
5239
656
4684
7707
5866
4400
5678
6502
6525
6828
3055
8235
4670
7459
1273
7889
3928
7185
7527
622
5855
7636
7721
6996
6657
6238
425
5536
2298
8266
2996
8093
8070
4343
6485
4690
5741
6157
5510
5355
7685
6390
5514
6464
5768
4683
3227
5409
7095
3959
7131
6450
6557
4382
4461
5396
6754
7174
1420
5862
3054
7441
1570
7529
4374
7860
5635
3049
7598
8245
8169
6765
7222
2980
7677
6239
7560
413
6232
7138
8119
4446
7091
8268
5476
7419
4573
7961
1657
1556
7416
7658
4230
7288
2846
6202
4564
357
4464
7098
4451
4659
8163
6764
5478
7706
6200
5877
6818
868
7411
7069
3028
7275
5967
6766
682
7787
3947
1555
4463
6429
7890
7670
4120
3222
4435
39
7070
6027
7896
7580
7603
6493
1962
6370
4407
8180
1970
8301
8164
6827
8183
1277
5504
5707
7494
6224
1191
7507
6769
6778
6788
1561
2987
6209
2279
4460
3223
6356
6362
7090
2287
4430
7102
5568
4587
4125
7648
7647
4112
6446
8252
1280
4575
8010
4367
6761
3742
6447
6460
6469
6395
7074
7083
8076
6775
6233
5153
5880
4654
3143
8158
4570
5327
6426
8052
1282
7515
4362
4404
6486
6830
6554
6150
628
4569
7005
7092
7170
6581
1037
4708
7175
1966
6473
5688
4901
2907
6573
4898
6997
6470
4836
7227
6448
7704
7886
7001
436
7650
8309
5690
7073
7302
7967
643
5599
8153
6455
5890
7513
7307
3629
6442
1276
6228
5884
7933
7336
423
5629
4647
7955
2952
7004
6817
5966
5827
6697
5665
7579
6201
7509
7946
7220
8100
677
7597
8265
5666
6757
7944
6430
4676
3957
6721
5853
5146
6566
5886
4651
6730
2913
8308
4653
4698
3063
1560
2914
2915
4528
5679
7575
3156
7792
7954
3179
4755
5145
4821
4539
7353
7722
2936
2905
5523
5815
679
7546
8043
4437
4453
7554
7989
6449
8058
5442
6911
7357
3960
4360
5677
5851
6214
5369
5720
1274
8298
7726
8176
7583
7471
7709
7103
5366
664
8231
8260
4679
4824
3138
5406
5610
5435
7555
4542
4820
4842
8146
5657
8273
6762
6433
3302
3300
8082
4577
7367
7181
4371
7262
4827
4699
8258
4366
6166
7892
5682
7076
5460
5453
7453
8272
4537
6475
7940
6561
7679
4433
7135
8141
7926
617
4432
8034
1961
3159
4572
3068
4702
5399
4081
7796
4375
6208
7710
4403
7407
7565
7125
7951
4667
5683
3026
4363
7884
4673
7980
5508
7169
1458
6196
5498
6820
7934
5826
7882
8299
1616
5820
5526
4103
5686
7712
3232
6583
3101
4526
3057
8179
8256
7968
5502
3066
6526
5373
4565
6667
7415
8047
6579
4438
6558
7689
1574
6649
7895
1454
5821
1267
635
5375
5512
625
1572
5816
7888
6026
4109
6199
6725
5465
4567
7716
8060
5969
6369
631
4450
3150
6562
7531
5368
4642
3160
4711
6028
3059
7651
3053
6444
7714
8238
6653
7472
6991
6532
4429
2929
7072
8116
7715
7718
8032
7705
4576
2334
5710
624
204
4372
6467
684
8185
4643
7793
6482
7653
6213
4458
5712
3065
3062
6572
5968
7584
5470
6452
7702
6135
6651
5597
4129
8186
8067
1573
4644
7078
5449
4657
7939
7566
1575
3329
3949
6676
6459
5444
3070
6574
5450
1618
5711
7552
5727
5965
8304
4604
4666
2146
5813
7556
4563
6133
5829
5858
3173
5819
4424
5848
7365
2143
7093
7595
4678
3153
7087
7708
2935
1050
3151
3061
6195
7703
3239
4701
3067
6770
4578
5471
5962
6476
626
7306
4096
5407
7897
4431
5675
5441
8229
5833
7002
8302
2994
4703
4422
1609
5440
6471
6474
8305
5726
8307
8303
4693
3249
8243
4707
4697
6577
8262
8230
4677
6215
7084
3242
4107
5466
4560
632
1571
8232
5835
6781
6564
3240
7975
8306
6567
6650
6774
8242
8226
6132
2939
6565
2938
6654
6999
5728
2940
4529
8237
5468
6990
8150
5725
5881
8244
8233
