1612
443
7440
4869
5560
419
5863
4530
8040
7997
102
4352
5489
6875
3733
1504
1687
3322
5654
4618
985
182
680
5684
3203
4655
2242
3764
5605
3210
1210
638
7233
1484
492
1197
3738
17
1837
5172
7424
7743
7287
284
444
4682
8074
4459
3041
4315
4726
2936
5023
7278
5544
7272
342
413
2862
4384
7442
4658
6569
7261
27
6005
1315
5604
4156
2604
5139
1059
694
904
552
725
8077
5603
7273
3138
588
7392
39
328
3956
5634
4812
5643
251
4202
554
6780
5486
8201
7888
1654
3498
932
1304
3289
4702
7327
3897
7456
4595
416
5601
5599
2931
5305
4576
354
5876
3520
5637
7880
1616
5649
6508
6210
5234
5057
7296
6935
7990
4602
1000
555
5639
4637
7263
642
4076
1805
4627
3664
6568
4113
8048
1296
627
312
1870
4351
300
101
1649
1092
388
2654
1604
8001
1715
5653
3513
3495
8095
4109
2117
2408
6896
1806
4073
2035
5350
446
934
6078
7258
1011
2660
4207
1709
6519
4350
7889
600
4525
4935
1925
5865
7404
5206
687
7091
672
889
1636
7359
1526
7465
320
5427
1658
5433
951
3244
688
286
1212
5619
4011
8003
2930
1854
1010
5431
4796
5598
1947
3833
5344
7214
3094
1301
5646
5569
6678
2595
7454
5798
684
3489
8178
1025
4786
2955
907
532
6746
2764
6604
811
1394
4135
6080
7806
2247
753
682
434
387
1618
7667
2559
3808
4714
2241
8215
3959
4056
74
7444
8019
4455
3953
3081
2947
5616
7335
6517
1209
2531
1530
8199
8279
7334
8117
6713
7056
33
374
2092
3853
715
349
5169
1002
2788
4654
5762
855
96
937
3818
1540
8062
2613
430
1488
2435
5559
3448
6789
5448
1042
6918
4124
114
1602
7874
275
6184
5402
6617
512
7746
4024
4690
5494
260
7354
87
3408
5443
527
1872
3749
6167
525
425
7400
5566
227
3578
7436
587
6891
6722
6499
104
2546
4154
950
3742
1679
306
2951
878
7460
5015
4017
384
8064
7060
6899
991
7192
3338
6378
1652
2336
942
3857
1232
480
7395
8075
6019
3745
547
2051
6714
4962
994
7269
2040
1803
3660
4559
528
7199
5357
7184
645
410
1437
4022
4532
6781
3417
7458
909
411
7054
4167
6949
506
6489
4220
5150
3509
3936
5828
1585
1817
5042
294
1862
2159
8004
3982
741
3131
4568
2984
3215
494
5602
1393
1632
4793
66
5063
4263
452
1408
7758
375
7254
4464
4041
2544
3544
1656
5151
885
4125
5487
119
4529
7267
4183
8213
6978
4616
1849
1662
2477
6223
1485
5940
2237
4006
1923
582
5406
5797
7315
7729
3144
5254
5779
997
1444
4474
2429
1442
1727
766
6910
2898
5363
7864
1860
7202
493
366
36
1853
3044
714
4226
7275
369
602
746
1609
7978
3746
2924
196
4060
543
1611
1213
4678
3706
6096
3076
4119
6772
1494
4701
7363
1605
646
1743
1886
903
1060
1548
732
8013
3732
1904
1637
4605
541
6021
7972
3949
6894
5733
3879
4523
7451
7437
4261
5554
5775
391
4093
5551
5049
3352
1038
2552
4613
6225
2244
3666
3955
8173
7445
2231
3946
5545
1323
1951
4062
2020
3994
5743
4828
2486
1538
3665
1291
2483
1067
598
590
423
6372
2558
292
5490
8222
5497
4552
6851
658
469
7385
2492
2605
133
4401
5257
4103
7304
1816
3373
4013
5164
7736
5618
279
3834
8113
2783
26
899
2176
3572
683
5937
7247
4256
6520
2928
890
5808
6174
6982
6631
751
1588
1868
6829
3191
2124
7745
2524
2179
6743
3359
4653
3198
7873
4346
5235
4478
243
5942
7068
4454
6281
1974
8197
6151
6827
5476
38
6652
7089
4332
8025
249
5162
4703
5539
6193
7366
3869
5752
200
3754
7240
8082
169
3782
4810
4211
2525
750
803
1316
1660
2768
5538
7903
1365
3900
4203
799
1647
4584
1172
7779
3386
3382
6721
5903
578
3700
1336
4015
1851
8024
5481
3220
3427
5436
2592
3205
6194
2046
3564
2283
5739
1772
7406
8099
5792
6778
3817
3729
3944
4208
3743
7331
7405
7212
597
282
7557
4179
3880
5184
1113
4002
3904
4528
837
2022
6701
2781
4959
7228
5996
2887
2865
2004
7362
957
4943
2
3557
1115
3657
952
7085
7181
1229
6994
6097
7762
3511
5612
3458
7563
2593
7294
544
7853
2439
5319
3773
4121
2003
5870
601
2761
3905
154
7449
4977
7417
4581
1952
6600
3403
5724
2576
2255
1305
3454
7854
3577
2678
5984
1362
595
7425
217
2796
3848
5165
4586
4806
4520
5878
4537
6602
192
3409
223
621
4594
7198
1757
7871
1907
3652
7963
7358
3177
6709
6687
7508
8036
4404
984
1423
3837
5424
6361
2275
3143
615
3972
2937
5440
835
3935
3103
4036
6831
7633
787
6011
5170
1580
3170
7433
7578
5657
5429
5277
1676
1357
5091
1184
1737
3575
4565
1893
5155
2610
2347
2964
7881
7217
7092
427
1150
405
4886
5380
5579
5726
3592
2076
1027
3169
4999
5175
7066
8098
3769
2926
2081
160
4345
3822
7416
5192
4149
228
1123
5504
1766
8293
6895
7875
3176
7559
6881
5179
4239
3753
6003
365
5800
3599
5528
6711
847
4416
4107
5181
4122
1706
442
2314
149
3832
4926
7280
3337
4712
2551
4168
4394
2653
3974
2965
232
1057
2370
1827
891
3941
6374
4032
1174
8092
6906
240
8192
78
46
1807
3739
5961
4922
6161
4598
470
8122
5864
1838
1509
5287
7259
193
1877
539
1830
1731
8029
2629
944
1668
4968
1928
2471
2910
2873
6724
6525
1934
3483
1628
2258
7869
5582
3711
4687
1083
7859
1899
7461
4585
4321
553
1888
8179
5810
5860
1302
6510
4659
8105
2453
6512
5814
7470
709
1684
167
4844
8014
2240
3155
1007
6742
7117
6653
1739
7549
6590
898
4563
3569
6105
2148
123
757
549
6367
3084
6912
5465
2877