4529
5468
3249
6132
2143
5848
8150
6781
6650
6999
6774
3949
2146
2334
6654
2940
5440
1609
5725
3539
1571
6215
2938
6725
3928
4604
2939
6526
4049
7407
8116
8262
625
5465
7084
632
5610
6577
7595
2459
7336
4703
7415
4291
8244
1616
7531
8233
5881
7975
7689
5962
4107
3067
7951
6565
8119
7703
3061
6567
5728
3173
7708
4324
1050
3138
3530
3444
3151
6157
6474
6653
6471
3153
4701
4298
5629
7546
4798
4109
1183
7275
4773
5835
3629
5741
3516
8032
6195
1282
3342
4267
5091
1439
5441
2154
5833
6395
7679
7431
1458
7897
495
4302
3240
7365
5898
4326
7174
3327
5407
3168
4241
7934
7593
7306
6213
7357
4325
500
4560
7968
6770
4301
5526
3955
8243
2952
3070
6166
3068
5466
1274
5816
3929
2175
624
5368
7181
5851
5639
1271
954
6739
7239
6135
5965
7419
7705
1057
6579
5730
6990
1455
6476
3903
6730
4678
5135
5146
5808
2201
4458
3242
4523
1401
7093
4081
5942
4868
626
4693
5132
7716
204
4328
5635
4244
8242
5375
5599
7288
8226
8146
7262
2980
4765
8029
3062
3065
4827
8047
4407
5373
6574
6199
1267
5858
3316
6690
631
2497
6020
3675
6459
5597
4806
3101
6564
3951
4820
8067
4243
1189
1442
7035
2907
8272
6576
7888
3150
4842
4403
7353
2684
4813
3742
7926
2301
3053
4159
4404
5968
4292
3156
4343
4824
8307
7416
2641
6648
8060
4567
4578
6150
7714
7228
5523
7169
3026
4091
4311
1462
4096
4450
1426
8237
6473
7453
3154
5708
2307
4576
3441
3300
3302
8176
4666
3537
8180
3518
2184
8082
7584
4707
7441
6583
6866
779
7967
5507
7793
8271
4572
5504
5449
6482
8141
7706
6452
3884
5969
2799
3223
7715
4657
6813
7095
2636
2372
7745
5238
2391
4821
5147
6566
7954
1917
8007
6202
7530
5556
5444
1330
3677
5327
5355
4854
2846
6444
6697
5471
6304
3536
868
4266
1191
7103
5422
8081
7583
7537
5536
7283
8273
7170
5145
6721
7658
6190
5331
4451
3443
6918
7251
3875
8100
2841
5710
7565
7693
7552
4422
6920
7168
5450
4852
4543
5512
7586
425
5097
5406
1662
2623
1166
4837
3222
3986
7864
4763
6467
7433
6321
4782
6671
6030
7158
7733
5640
7459
4780
7697
3057
3456
5239
3435
7432
1575
8036
1404
3706
1618
8054
7399
3117
8306
2631
5902
7685
7670
4424
6572
741
6938
684
5727
6255
4375
4690
7002
8051
2382
6133
4697
5726
7728
5104
2149
4677
635
6335
7063
1871
193
7279
8046
6919
7912
5829
8284
5827
3925
1427
6273
3957
3821
4565
961
2947
2935
1344
8034
6343
4901
664
6651
8230
4654
6327
1573
4714
1637
4271
4230
5347
5369
6258
6346
6315
3236
8229
5448
1278
2885
1454
6465
7884
497
6664
5819
6340
1521
3671
7860
668
3096
2996
4431
5893
4711
3735
7246
881
7282
5401
5643
6509
6369
5645
7879
6289
6665
6943
6145
2936
8179
7078
6968
2404
8010
2542
2929
3835
6433
7602
8232
5675
439
5666
3232
4702
5603
4418
3751
6925
6946
5363
7796
7083
8279
2987
3239
5568
3704
8040
5366
4453
6562
8058
7712
5399
5142
6698
5586
5460
4755
1051
7734
8269
4454
7686
7476
6267
612
2638
5837
1657
4526
1276
4265
6775
5372
5706
3828
5654
5690
6667
4573
5619
5435
6442
6713
6211
7509
7718
8001
7217
7346
39
4488
6519
2738
7997
5813
6911
3176
4888
2949
5821
2203
3959
6331
3066
7175
4083
1970
628
7892
6676
8118
8111
7882
1604
6130
3044
5868
5611
2287
5476
1273
6649
4569
5724
4891
861
6026
6294
3049
2279
2504
7269
6525
7172
891
423
3136
1158
5470
5677
3510
5322
7179
4887
3453
5475
7513
4530
7702
5711
7367
5133
7603
1966
6151
5396
4113
7411
7335
5606
6003
5153
6778
8153
8256
3296
1450
6450
3532
6652
6558
1572
8302
885
4103
4459
7347
889
756
7529
7677
7597
8303
1519
6881
7725
8308
7087
4401
7707
4430
5798
5797
4372
3159
2632
3131
8305
7464
5840
5591
2905
7653
5326
7472
5388
5657
7137
2408
6028
4522
4715
10
5605
4129
3538
7996
2214
5679
6295
5828
682
8003
3158
5138
6561
8238
5771
2142
4112
7245
6131
5485
7726
6896
2362
5886
7091
7890
8173
3528
1971
8231
4906
6569
4563
1114
7408
5665
7351
6099
3148
903
7895
3801
8246
7771
8043
4345
5663
7131
7911
7515
5114
5443
3691
1888
1792
4161
3329
7164
1280
7075
7135
6214
7466
4840
4249
5836
4342
4673
5830
6201
7507
2156
6228
1574
5860
1649
7081
660
7076
8254
4884
4776
7651
5993
1758
4653
4363
8265
6443
2628
8042
1002
4737
6678
4885
8006
356
1420
7791
642
4705
4647
7302
3542
4898
7980
4575
6426
7072
5126
3143
608
4659
8061
3179
6820
5695
7989
5685
2995
2335
3619
6889
6808
3440
4846
7955
5812
5122
2679
6430
2911
7161
5707
6118
3056
3063
6982
1459
6817
4322
2910
3172
6167
5752
7939
1935
617
4828
4643
3759
7855
7468
7068
6704
3059
1354
6431
3160
3073
1534
5370
2298
6941
7036
3708
6125
6715
6493
7073
3051
4509
745
3921
4591
6196
6685
3826
6126
3620
1698
1268
3868
6657
7924
5566
4968
6757
6703
7556
6370
7863
3624
7328
4039
7286
6348
6573
2552
2994
4373
4277
4464
3055
5090
6508
1385
3877
2982
2348
8077
4351
4371
7331
7889
4289
5802
3382
4577
4287
4902
3956
1275
5483
933
4836
3947
1505
8025
320
527
5682
3622
2295
4377
413
7598
1617
5498
7655
6386
7240
1466
7184
6137
6554
6688
2200
7205
3618
5365
4869
6829
4154
6463
4439
6686
6910
4095
979
7494
6691
7074
7220
7182
7102
4366
4682
6432
6937
7946
7069
543
2840
3233
6666
3894
714
4953
5344
5508
5839
4528
5442
6139
3277
4125
5403
5553
7933
6486
7777
5184
8299
873
2507
3895
3309
5853
7307
7650
5270
8270
5502
4843
4561
5408
6951
3860
5494
5433
8183
3227
5712
7092
4487
1570
5941
6895
5683
6894
1323
3648
6738
6031
597
5572
1951
7792
3321
5634
7338
5686
7199
7470
7154
1961
2917
6762
1184
4696
5199
4089
7952
4139
1605
6305
4709
7469
5618
4535
7070
688
1509
6208
358
7001
1374
7120
1615
2783
7978
8163
2195
1560
7648
7127
7566
5350
5967
5459
3994
7492
6390
874
6381
5996
3135
4586
4619
8186
7604
8088
6991
5779
7555
430
4466
8048
5889
5607
4644
5538
3263
5883
4511
6483
4676
7125
6499
5501
6140
3544
658
4595
2402
6375
5514
4079
300
5395
1301
7048
1842
2337
5885
5826
4900
4147
4315
6038
6935
4656
878
2853
1510
4460
2836
8258
4452
4537
5231
7140
1653
7117
2202
7943
4359
5668
3649
1339
6470
3854
8178
5824
8304
6942
1480
7473
6684
643
4607
342
3210
4429
6421
3268
7527
6244
6323
3614
2915
2914
5866
683
5977
284
1492
7915
8052
7979
935
2877
2567
4400
1636
7990
1456
7108
4438
5478
6338
6423
5966
6129
5593
8086
5661
5890
5733
7713
438
5678
354
3157
7444
266
2183
6981
6825
1965
3523
2913
1795
732
4360
7166
7058
1784
7554
4726
8097
7813
7104
3650
5452
407
3758
5359
7558
8160
8185
4699
3636
1336
5376
7940
3218
3072
4839
774
1465
7287
4571
525
7440
7944
6816
2593
7471
6511
84
8144
3076
5820
7189
7173
3120
7463
1048
5688
7886
3389
7747
7571
6945
5863
4432
3289
5637
4463
6996
4667
7710
5106
5473
4294
4605
6680
4433
7400
997
7563
6429
4339
5681
5814
8070
5961
6168
2931
8260
436
7467
2646
2411
5559
6148
8142
229
7732
7305
27
6581
1054
591
4435
5486
3909
3685
7848
3152
3367
6752
3458
3960
7579
3244
524
679
3754
3297
1874
8124
6372
5391
7363
1429
4231
1962
7564
5484
4671
3149
4489
6617
685
3217
5785
3307
5869
6119
8158
7823
7983
33
1701
5017
2206
52
7185
4542
6796
5592
864
6312
7709
4121
7672
7212
2140
6709
6503
7824
2303
6575
598
2653
3989
2620
4384
5117
6788
2358
7150
3100
416
6718
4015
3322
5402
3848
6222
2546
4382
6136
6708
1277
1369
4594
5653
3225
411
5732
5339
7138
8069
5325
6309
2634
6851
1174
5587
5720
5493
2395
611
6849
4977
1830
1647
6049
4094
5763
6382
798
2399
2412
5699
3041
1907
6772
2965
4637
2635
7575
4268
6747
7278
2747
4632
8049
2808
5646
7227
2927
1355
5581
5855
8154
5876
7856
319
7700
3802
6385
6384
7905
607
3897
6299
6532
4564
2689
7289
622
2218
6221
469
4710
2793
5991
8252
6929
7721
7327
4421
5505
6339
5809
7562
7865
1915
3577
222
7957
859
5565
6252
3509
5984
5409
5323
7518
2944
4434
4515
5670
3490
4858
2782
6449
5976
7349
3747
8236
3261
4124
5299
5480
4581
2951
601
7488
7820
991
8076
2984
5768
1105
2733
718
5332
6414
4679
346
2963
5617
5357
6071
5684
5574
590
2336
3519
5488
1128
1042
2558
1365
3829
7111
5854
6277
7085
554
6239
198
3298
7941
2873
2051
190
1185
2469
5319
5233
3657
2321
5427
4455
1711
2937
6557
2908
3295
4724
6741
2928
4587
5497
8170
5601
1948
3628
4437
7222
2946
7153
7198
7277
6656
410
433
3028
5374
6893
6080
3474
2898
3340
1484
6743
3255
7807
5722
4306
8065
6311
901
4321
5879
5520
6908
6742
3852
3946
671
2619
7758
7171
4461
5649
8117
3198
6994
133
6769
4402
1803
4627
7560
5877
7503
6531
8095
6144
7722
2389
7041
6746
5700
2942
7594
6663
2862
1255
7787
4285
4508
5995
1501
7774
1774
5337
4642
4879
2863
6563
8266
3364
8298
5382
6722
1362
4739
3943
7930
4183
8195
2945
4844
5539
3090
3368
6502
8074
2621
646
6361
4825
7841
4525
8164
872
7680
1481
4568
2304
8291
4613
7883
7805
6238
6194
545
5662
1503
7842
5210
7719
4123
4462
7005
5656
8152
2540
8235
7089
2826
5232
3872
645
802
7704
8268
3719
4935
5888
6475
5817
7785
7963
3905
4584
1592
5321
4687
6048
1039
6198
4011
7366
6485
6806
767
8159
947
3421
1778
7969
540
5600
7098
3723
6530
7017
7504
2926
6364
2839
2956
6802
5884
5397
6555
5227
6580
6660
7066
6827
4597
3915
5659
1375
7261
5705
349
6410
8169
7234
4074
760
6388
5453
4925
8206
4506
412
1259
7623
6956
6570
3520
6237
4532
4624
833
1643
7557
6354
3987
7489
1390
5361
7961
1973
8204
6233
7874
6909
2919
6787
7090
4391
1972
7113
5598
7146
149
5151
6729
227
3696
3468
3674
731
4517
4593
6780
5492
17
4750
1352
89
2741
1485
6274
1599
4120
1547
1897
4911
8162
1611
5579
5880
3805
6356
7779
5832
6164
616
5423
2576
5087
7149
489
2379
6845
3611
6200
6293
7868
6553
6818
7827
5864
5561
7264
3724
8028
3890
2477
5389
5541
7743
1053
820
5960
6988
432
4383
629
4255
6251
3033
7976
8245
6047
5001
1370
512
7667
5170
3050
2667
5277
1037
4639
3817
7213
2611
2366
8030
1150
3438
3132
7214
4708
8092
321
3990
715
4446
5689
2436
4346
3436
550
1621
443
5089
655
7812
3000
4500
5734
2197
7218
2522
4762
8264
1180
6989
4698
6347
7617
7971
752
493
7591
6871
2643
2909
8099
6803
7167
494
3599
7067
3782
3755
5489
7649
2525
940
5367
6867
677
7580
6158
2837
1406
2778
464
5235
3317
1568
3508
7964
4362
4470
6363
4370
1561
3229
7054
7267
6510
3054
167
4330
5510
8234
6783
7654
5310
6027
6415
7350
2407
102
1162
503
5456
1270
7145
5810
2664
3031
8147
4923
2517
3094
7456
7188
5330
507
4691
3942
3865
4695
5298
6831
1332
4355
2205
231
3200
4598
2851
5141
5464
4233
7918
4395
7622
1964
488
3267
2788
7354
267
5500
4259
1656
7756
6301
3553
172
1152
5792
1520
2806
8247
6516
5762
6855
8222
6578
4668
4670
2739
5870
2464
7896
4712
7406
3140
421
6987
8165
8155
6362
7309
1704
5551
1331
1227
6108
3177
3655
7995
3167
5515
6101
7340
3641
7903
4280
7114
8300
7839
1567
1047
3931
7986
7123
6032
3564
4256
6875
5803
4365
4651
6179
6224
7136
8156
3260
5560
5380
4415
1384
2640
7910
1138
434
2781
641
2734
1614
5862
4717
4491
5896
6156
3610
6170
4088
230
6953
5434
5458
4922
1154
1504
5487
7534
1799
1548
5446
2364
6997
870
7057
3375
2409
3688
7304
7160
6724
3745
2598
654
4570
7845
3878
7576
2141
4835
4520
8157
7144
6899
7977
2012
556
6142
1813
7004
8031
5102
5760
5225
7465
1849
2835
8059
3927
5436
1408
2492
8078
5234
6512
3475
7647
4777
6993
4590
2315
2712
6169
7442
4539
3941
1693
6147
7917
2709
531
357
3898
2347
1541
6121
6455
7762
4610
1590
8004
3640
3626
7445
4344
4284
7914
4969
3147
5394
6506
4374
3257
2288
6261
7201
3306
1899
7404
2483
656
3668
7737
3256
3830
6811
8093
5971
4582
856
7665
4367
8240
8220
7887
2190
3799
4149
5882
506
1595
5116
228
1058
5873
7451
182
4352
7190
3840
1555
8013
1378
2597
3816
459
3733
3478
4629
6209
8050
7242
2008
6280
5692
5974
5923
3434
7233
3808
3471
7097
6477
2213
4645
6464
2302
6948
536
3645
4380
1196
5595
4832
8039
2639
6926
7315
5335
5687
4574
4611
5023
1937
6727
2383
4683
7303
5545
5590
1496
1056
7460
3098
7738
6097
4119
4716
7133
5358
7263
7817
3753
269
2728
8310
5518
3282
3732
4723
6480
8130
2997
2420
8292
2456
2932
8177
581
3155
6448
1052
2648
2376
7105
3346
2145
6641
3660
2993
5721
7916
8021
5223
5482
5311
7318
1925
560
387
4664
2858
2493
5462
4778
1655
5522
1475
3448
6468
6983
5490
2637
6416
4609
5878
7284
8062
8287
6714
6160
6677
6764
930
3235
7854
8135
1960
4841
3482
7165
1060
137
7878
101
5749
219
8041
8213
6513
1269
5602
562
7186
4017
3386
5702
3170
2169
8293
6668
6977
5343
7574
2520
3047
1764
1635
1494
4062
7003
7438
6507
100
5127
3483
3323
4457
5463
3234
3592
4876
2964
5815
6701
5585
3954
4226
2874
7923
7544
8045
2539
5139
4688
1444
7155
7148
5680
7372
3241
6717
8136
7987
6411
7992
7176
8105
6087
7434
5282
5499
7202
6754
1409
1556
1279
5973
3856
6400
5912
2790
2313
4663
7547
6533
6441
2192
3773
4793
3161
1603
1887
6521
4533
4684
345
5164
2055
2384
1851
1878
4674
6679
7928
5891
6906
5208
1896
6830
6138
6766
7542
7221
2771
7298
3926
1996
7152
6675
7927
6210
1533
7106
7862
2281
4368
5496
6184
5693
7605
8309
4833
1011
2216
5398
119
1202
4364
5063
5825
3616
7412
2774
6337
8064
977
210
7953
6439
7285
588
6658
3933
3330
6134
5859
2386
4558
8131
5621
3823
1552
5120
147
8089
2975
6520
6066
2529
1855
4823
1945
3387
4625
1168
7101
6550
837
6025
3585
4618
7894
7079
6457
4883
3996
8022
4865
1958
6662
6155
5445
1613
3291
2599
621
7960
3462
5123
6232
1873
5576
6458
3953
169
8215
336
6387
4297
7671
6318
6445
4423
2284
3373
701
1102
5739
5852
7034
5783
4975
651
5383
2916
5990
6469
6460
6447
4436
6393
4405
46
5410
6454
3203
6446
6456
4585
4262
7929
5301
8172
486
8037
3027
4441
7958
3215
3737
6377
547
2299
2933
3251
8126
5105
7334
3305
6514
7009
1780
223
2361
6995
4602
937
6162
593
5796
2979
6828
2716
2657
5431
4648
6891
1192
3670
6761
8200
1906
5196
7638
5937
4279
6785
2697
7945
3312
192
1661
6302
7508
7301
4665
4812
178
2463
1530
6290
6819
3473
4658
4615
3750
6358
7130
5098
4135
7559
2247
7871
2266
2711
6556
3575
613
2725
5831
3906
2473
205
7636
435
2744
4258
1610
3950
6492
4484
3919
1262
561
2817
2378
6110
6979
7254
6529
7077
8197
6779
2410
4721
6568
5019
4410
4102
3314
8174
2405
6592
2857
273
2762
7143
2724
5793
8199
7801
1283
6975
3040
1526
8087
8250
589
6367
2046
6850
4398
4169
6054
4494
5070
5069
7922
2889
6154
7124
124
1900
359
7545
5364
1122
6755
7869
7056
3425
3833
2474
6888
5390
2967
6397
5308
6879
7126
38
6286
6878
6870
5970
7900
5986
4263
4516
5263
8251
2297
3625
6479
2955
2882
6193
7985
4323
4319
2229
6174
3290
6756
6823
5148
7312
678
4296
7129
6173
7645
2660
4826
6822
2466
7031
8024
4110
5525
3487
7405
3142
1482
3086
7437
5940
3517
6281
6146
6412
8080
3455
4379
8201
5356
6081
5474
414
8079
1092
5650
8219
2392
2815
4239
928
4631
7984
842
3029
4024
3165
6517
5959
6655
8282
6478
1955
1943
7053
4427
504
2331
318
7790
6068
8181
2259
5307
2210
4562
5919
7998
3220
2524
4392
8274
1059
4878
909
6405
1109
5041
650
4727
1727
5304
4857
3958
5107
5751
2310
5385
7541
8285
7783
2228
5555
2656
2035
7281
8249
3818
7720
4630
1805
3936
4156
3827
3246
4649
6045
7042
391
4220
6206
5190
2564
3837
7972
5676
8091
6753
6732
4538
5674
3938
1893
5849
5987
3815
5371
7800
5838
7520
2773
110
8166
7061
6017
8063
1043
4068
2390
6402
787
709
4108
578
4955
8151
5975
5769
3604
687
4893
5782
5872
2831
3230
6072
189
3190
4419
6705
6453
2241
4713
5241
1564
7994
6039
532
3991
6826
4861
614
3245
3550
1668
1261
6392
2856
746
5774
8257
2559
6188
8301
3874
2511
3318
4979
2820
3859
3169
5979
5669
4662
1620
4995
7024
5479
5189
4076
8175
8239
117
2393
3069
639
2669
6992
2176
4170
2365
5155
975
4155
5345
7481
4559
5352
5378
6056
735
7577
659
1549
1172
5604
4394
8075
6437
6000
4889
5994
6306
2138
5093
5856
1737
3879
7523
5892
347
3037
1489
3609
7826
3046
1607
3248
4950
8149
3924
2018
7829
5297
3125
5447
5096
686
3115
6858
566
708
1067
1956
5875
5811
5871
2352
7533
7325
672
1579
4845
1498
3293
6734
6152
2305
4548
5292
7297
1765
871
1660
2186
6408
1690
869
7751
6113
6191
6661
5224
828
7799
3432
1591
4416
4579
7956
7457
5735
5723
4157
7497
1994
4818
3002
835
2768
4128
8241
7436
5213
552
3394
6435
2792
7
4641
1979
6496
6799
1666
3328
807
6524
1712
2242
6404
6560
241
2498
3738
7107
2551
4337
4408
2435
196
67
1424
7959
4897
4974
6862
6838
8248
4006
1213
8133
6833
2512
263
1913
34
6021
3607
6897
1562
773
5594
208
1161
6777
7392
2746
2371
5274
7141
3777
492
2121
1959
487
6153
6012
3556
5949
2413
4838
3572
5989
2755
212
6378
4650
234
3666
7177
3114
8261
1598
72
6227
7517
1587
6985
7238
2682
5972
4447
5013
5077
4318
4295
4290
4288
4282
4270
4269
4831
711
5571
277
2930
4531
2045
4066
4261
1371
7769
1825
5175
2244
6229
570
4278
3299
4300
7920
7195
8107
7572
1746
306
4293
4557
1264
5596
7633
8138
2810
3739
1036
1566
7452
2215
6180
7618
4873
2283
5834
1005
1923
6325
4512
2472
1088
4802
4513
1463
6374
3535
275
2670
1901
4756
450
1557
7132
2922
6178
4305
764
4518
1364
7931
2625
36
6019
539
419
2369
2351
6745
653
4208
4588
7044
3276
1589
3568
4378
5899
2487
2760
2650
7495
7938
1652
4566
2843
4203
4870
5439
5554
1709
2723
449
5481
4521
1028
934
1583
3978
431
6944
7225
7207
5956
2475
3698
3940
725
3917
1716
1920
3944
8110
415
4920
2147
4428
5623
4810
7763
5874
1628
1654
5172
3024
8227
7789
1097
6015
7490
5778
1046
6106
7898
4769
2825
4070
6790
6765
6590
2661
4949
2726
5865
3638
4087
28
7271
8020
7810
6821
5150
2590
2985
3824
815
7080
2568
5557
7484
4085
1837
4077
4333
4620
4623
3831
3711
7178
4510
6052
6537
710
7694
6235
4954
6171
5524
4396
4200
7965
5176
6313
5620
1181
7344
4748
7698
4310
5015
4445
8098
7119
2615
3690
6978
3500
647
7535
6689
2816
4503
4358
4952
5696
3810
7496
4393
3686
5546
3126
6782
5757
3642
6466
3103
7417
4932
5630
220
6175
6798
6234
7522
605
6498
4106
1629
8026
2626
1083
3982
2375
2859
92
3631
7567
4886
582
6401
4719
427
3214
7885
6186
6707
2388
6933
1630
4603
2795
1742
7099
4580
4304
7273
6846
2722
857
1707
2514
2031
7775
2319
4706
7047
8184
557
8023
4486
7510
418
5305
7248
5517
4926
2610
3984
216
5169
3514
3350
188
750
4685
2199
7711
3920
6434
5931
7209
4921
5218
4681
6763
7516
3613
6425
2377
2330
4369
3935
128
2166
1858
7815
6491
7215
600
2374
5461
444
4860
7847
3930
2076
4168
4140
904
8083
1291
6501
7744
2876
2536
4235
852
6143
2627
1199
1921
6226
3104
7735
5867
7272
6360
4628
4082
5334
3048
7378
5755
1646
5354
3266
2761
8090
1139
2583
2470
3765
7454
154
2767
6223
221
2575
1997
7625
5552
217
5589
428
7962
5083
5636
3199
4167
2687
3402
1321
7200
2959
2764
8280
6368
6102
694
7538
2343
2286
7904
3794
5943
5101
3254
3581
1027
7846
6440
6373
6784
2543
2794
3359
1969
1113
3583
3637
6571
7573
8288
2385
3020
3238
788
1582
6837
6070
3522
4126
2282
7203
481
5998
2160
5002
7640
7880
6801
2903
3197
4735
5057
2633
4655
7551
7333
4863
8085
637
496
6418
4636
2468
7424
7216
1995
6807
7973
1766
7913
8139
7543
2887
5020
7448
7501
4499
1975
3043
6398
6319
6669
1407
2977
7352
4340
176
3682
648
6487
1176
6298
5519
6203
3832
6424
7578
681
348
2172
3224
2541
8019
6216
1326
744
1402
5342
2421
1612
7006
3108
929
4830
4738
2179
5537
3839
1164
2342
408
1483
1608
4689
3338
4185
6396
5983
1984
619
6103
405
7192
298
3974
1209
7628
1349
7782
987
8182
7988
6976
1438
7051
627
8290
146
7059
8297
1010
55
680
1073
5985
7062
3787
4332
6022
7487
4179
4073
6451
3667
5632
3678
7859
7258
2824
3472
2811
7425
4853
755
7224
8122
644
1990
6711
2187
2777
2659
575
1247
4114
5691
3615
5320
5521
1898
2278
6366
2173
4376
4785
5287
6269
8203
2023
3205
8171
2713
7219
5992
530
3164
7342
3141
7570
876
5477
939
4759
8275
4442
4236
2275
6265
3145
2471
7521
1862
7055
5018
7767
3804
7652
1133
6687
6723
3913
2317
712
76
1446
1329
5718
4504
7414
5822
1134
6181
2093
6728
2185
7760
7493
5333
4547
2481
4962
3079
5747
7506
3178
2255
6205
6422
7736
6885
4314
7252
6344
4105
6241
7872
1346
2906
1111
3119
6394
1876
6760
7449
3077
4084
3683
3586
7754
5786
7932
7296
4958
3311
1626
3484
5455
2092
312
2014
3847
7012
2934
2397
1077
7157
1400
5608
4356
3258
6058
4552
8140
4704
803
3587
6197
8161
3219
3294
5257
5400
6278
1790
2990
3934
3139
3603
7259
1717
6013
2988
2318
2022
2080
636
5309
3207
4021
3569
2674
7861
2231
3891
5193
6260
5777
4246
1706
2943
4757
1853
4349
6100
3122
6549
1421
26
3870
7729
4234
2605
5544
4729
5945
4313
7197
1926
1538
1124
3493
3413
13
5625
1214
4152
3247
3334
6695
5736
6297
2322
4519
4019
1361
8278
4894
6980
7528
2644
1229
4633
7844
751
3867
6696
215
268
3479
7040
6096
4309
1021
8027
5908
7461
2020
2904
5638
5673
6353
5787
7380
2370
7266
5633
2549
5963
2519
6328
7755
3916
3630
6236
3469
6061
4248
126
4240
1207
877
1212
1968
6824
2387
2485
7730
5709
7396
1664
5729
618
7029
1537
3287
7156
1916
5818
6795
1540
7394
2594
1725
6804
3863
7695
2756
2222
3450
484
4794
3644
4764
2745
6484
5567
584
3022
6887
1121
1188
4635
4426
7592
2802
3470
6165
1237
595
1502
187
1045
4550
7235
3880
592
697
7109
1292
6177
403
3446
2675
2170
7341
8038
4281
3590
4086
6712
7806
1940
2624
1870
6461
2280
7362
6905
7608
6330
587
4505
5744
4041
3862
3025
2100
3651
5131
6631
4238
6793
6288
6259
6249
6248
4931
6601
6320
2209
6308
1025
3058
6391
4829
6481
7187
1952
7483
3281
6329
5203
7147
5377
6272
21
1601
1182
2883
661
3278
7384
1418
490
5074
6740
2700
3313
6074
5340
352
6604
5766
5202
383
3822
12
3083
1891
6332
3123
2294
2604
6900
7843
4286
3492
4890
3795
4621
6352
6527
7389
3797
3275
5160
480
573
3213
3744
2290
6253
4016
6029
6256
4536
4471
3882
5843
6907
6270
1461
4640
952
6326
1750
6262
4336
914
5981
3521
4299
2460
6307
6263
5008
2360
5240
6112
662
7835
2394
7500
5503
7950
5939
2009
7851
1351
5230
7313
7100
7759
7588
200
3273
3743
2704
6182
3918
8167
5761
3981
7853
3807
2585
5861
6528
2263
2013
743
6797
6812
5165
3841
6809
6064
5731
5381
8002
1453
3904
2973
7295
1417
1449
5642
4331
4834
8168
7045
2462
2341
2797
534
2124
2681
7142
7247
6759
8134
7330
4700
3772
6618
4386
3871
4551
1872
5158
194
1720
7942
6719
8281
6912
1226
1260
1983
7891
7974
7300
3881
483
7462
3623
7255
6141
1055
5713
2148
2566
2157
4411
3265
5099
6279
7039
1246
3014
362
2088
2721
7919
1137
6242
1460
7211
1772
5285
1250
2801
5000
7323
7621
7022
8143
4501
7949
252
4871
7317
8255
2400
1434
8044
5506
3243
3846
6268
5934
4308
1645
6225
3853
950
2516
6303
454
7027
2194
8259
232
3392
7244
4078
2326
3980
7299
7112
4622
2024
2606
7243
4122
907
351
6185
1490
5328
5671
3791
3339
2694
7526
1632
4473
5980
3144
6250
5393
3857
6389
6085
142
4934
2751
7993
754
3034
1806
4502
5162
2296
1838
6810
1639
238
6091
7388
3634
3893
7458
7360
6322
7443
722
1559
602
6961
574
3060
4141
7000
7395
2544
2572
7881
2491
5254
5528
333
7643
1833
7550
6403
7991
7356
5316
6271
964
3356
7514
2398
1379
3010
4357
2655
1854
1495
6967
1602
4132
7982
6674
2789
5887
2921
4797
2823
3806
4327
5652
5290
4801
3647
6744
7446
6283
4481
7429
4098
2708
7010
5467
1335
944
5432
6767
7553
4646
203
4747
5212
2043
5932
3209
1782
4053
337
1258
4867
2717
6681
2941
3779
5746
7620
3635
898
5584
638
4720
7876
6898
3121
6984
3912
4822
5756
6877
3264
5575
2550
799
4390
4779
4190
6192
2805
1257
4942
1425
2484
2868
211
7746
2970
5108
969
812
249
3992
2547
1682
6089
8106
577
4130
2329
6105
4000
3582
2861
5284
633
3707
5550
6882
4038
1272
6872
899
3337
1300
2188
8137
2884
4600
4652
4553
1553
7850
3796
2414
2403
7310
834
3952
6187
2289
3588
8228
3605
5767
2668
2292
4910
1317
2902
5807
2616
339
279
1606
7128
4022
3353
240
6700
5412
6254
1585
564
1619
7499
7393
334
1443
3288
6163
1524
3252
2587
1488
1343
6079
1476
6284
2800
1412
7364
2424
6285
5424
2562
2021
2309
2573
796
1206
7358
4474
4142
5404
6093
5413
3621
860
4276
5303
4213
6334
6073
2085
5152
6600
5267
4118
1743
851
7631
1232
61
2196
6622
5491
4335
3102
4725
7687
7749
2757
3221
865
609
7525
2032
1238
6314
652
1967
1245
1350
4799
7386
4669
7780
6317
66
2221
1304
5417
2488
5217
6970
3324
2495
4913
6043
739
4056
2523
2355
114
6973
3439
3726
7159
6291
6409
1228
3699
2891
5360
6257
7852
7314
3424
7676
397
707
3725
4760
4781
123
2924
6559
1817
3653
8125
7151
3594
6842
8148
5558
420
4013
6771
6602
1684
286
4097
1846
6220
866
7778
5964
4534
7519
3693
4936
343
251
5181
4999
1787
6057
1029
5291
2256
5582
8277
5195
5113
4914
3301
7615
2038
292
1850
6903
7873
3633
3845
6062
8008
3639
6923
3459
811
5759
6077
7834
1224
5628
3137
7210
5533
6399
2083
7849
3721
541
7870
485
7502
7019
6083
5428
911
8295
2478
3212
2822
5612
6128
4312
7359
5329
7590
5207
5745
1624
1382
3279
2098
1499
7088
2591
6207
476
2772
951
5936
5128
6115
5430
5773
3352
5516
4387
7020
989
537
7025
4966
6359
5215
5704
1395
4918
1631
4814
374
446
1087
7684
6901
3403
5917
1215
6345
6357
2829
5788
8056
2978
3030
776
2893
7659
7609
6892
4397
7381
1877
6024
6924
6462
4148
1500
1892
2948
1733
2737
4786
7611
5920
4478
3038
5222
3092
7660
3001
867
6427
6231
1768
3562
3259
3184
2502
2869
6009
353
2353
8294
5531
4774
6084
4055
7561
2557
2571
4959
6835
1130
4469
7524
4761
3740
393
5351
3283
2073
1910
6324
5469
2373
4672
515
7479
6786
5317
3017
1179
239
2211
8283
753
453
8102
1049
6406
3391
174
4444
2272
7632
3595
2649
1397
6805
4116
5743
1210
4044
7032
148
278
7320
696
1665
7086
4877
7657
740
4409
4413
4254
1625
535
1886
2969
7668
2966
3226
6122
7661
8145
1325
1064
963
4544
6873
1287
7899
606
3584
5921
2445
324
5031
5454
6349
2465
2830
3993
3512
4784
2976
30
6633
1623
1148
4252
1672
1757
7921
7511
3858
7094
6673
1094
7822
3900
1491
7626
6543
2678
563
2071
2189
316
1673
6355
4546
4772
2152
3513
7486
4490
3495
4260
4211
499
4592
2367
2430
4069
3876
3606
429
2204
1098
6264
5346
2064
7663
4353
6960
5276
5387
104
7379
6603
1477
4064
29
6726
7630
6540
1865
5570
8132
6350
7018
7901
3669
6552
7935
2740
5982
5951
6159
3335
1423
3420
4420
7838
426
817
2258
5894
1934
4029
4483
4849
7818
2406
7906
6472
1823
737
477
3892
7837
5616
673
8263
7191
1927
7033
3091
5047
8189
1437
5185
6046
369
7265
4389
309
6921
2227
3449
5800
1129
7569
1933
6413
7656
1578
6848
6247
4541
3988
7947
3834
3093
7802
1985
6737
5229
7761
2327
4245
6890
1468
3661
3351
6966
7368
7809
7250
6534
4406
2115
3081
2925
4929
4212
5897
6123
1928
1759
2314
99
6869
3185
7568
5958
657
1770
4414
7691
2428
5988
7447
6204
610
6500
2349
1597
355
4090
6172
3319
2999
7375
3597
2629
1103
2332
5264
3006
6864
3783
1240
1190
5748
4093
2706
6949
5312
4032
8223
6351
206
6011
3932
1116
5764
1650
2759
945
3850
7290
2671
804
2144
3162
4338
5530
1026
3369
3612
594
3270
3792
2277
4092
5349
7794
2496
3999
1201
1284
6936
7474
6006
6176
6971
6542
3776
7646
5192
2705
620
603
7194
113
5644
2041
4449
649
549
3551
8094
6063
1389
3008
4385
511
3280
5527
7293
364
1513
1911
5791
4770
3864
2034
922
7180
5256
858
6844
4059
6594
7587
16
2162
5583
1713
7401
706
5780
932
5221
1580
4051
6716
5624
4907
3042
3748
7291
5648
4350
3749
3414
3360
7757
1982
5206
921
7023
2699
6246
1464
282
7115
6336
5672
7326
2784
2048
6266
1084
1600
7786
501
1903
3679
6612
2658
4485
3385
3188
378
3118
1356
1175
404
6098
4599
1360
5795
1714
8012
1594
6055
1163
417
330
1140
984
8068
5205
1467
5095
5750
3722
5296
4583
1441
4361
7028
553
8127
2710
399
2033
6365
3507
340
4864
6014
665
8224
3945
3843
4895
2807
1577
4992
1205
6789
1715
7795
730
1387
8104
233
7426
4970
6489
2050
2785
5050
5698
6316
1398
6768
4790
615
115
5262
3423
2482
3007
1679
1588
4201
3075
5426
6551
1324
6792
8218
978
3756
4229
3658
1320
6591
3383
7750
2753
7610
5078
3097
5784
35
3565
3570
4899
5549
7819
4133
6847
3712
7616
916
8121
2622
2677
3557
6065
3962
2061
5336
6522
3793
6310
1345
5094
634
974
2787
47
2954
107
3901
2707
5086
1683
4347
2577
1880
7821
1017
6683
3764
1248
6749
5055
7008
291
7768
462
805
3463
441
5306
5049
1756
7391
572
1281
5067
7064
5781
4545
4524
521
723
2971
800
3175
132
74
2207
5429
3643
3442
6523
6932
2449
2849
175
3883
8196
7427
4986
3716
401
3695
2881
4425
2960
1000
1266
4111
332
1791
65
5121
285
6075
5754
7981
4495
675
5758
7491
2731
3784
565
295
7007
6243
5379
1816
6693
7741
6060
8084
6040
3819
81
96
5842
5667
6914
5260
8113
2860
5245
716
3710
7162
5806
3617
6341
2556
1523
5578
4675
4638
473
3110
923
6843
2065
5338
4320
6230
3692
3709
1265
3975
1674
5179
7065
5005
7413
8289
2261
5717
2613
4874
1760
604
3427
4232
1745
4589
2260
3084
1723
720
5247
7455
7999
4939
171
7614
1497
2642
1981
5384
2918
3923
2989
5697
4855
3211
3166
6023
3511
1844
4257
3501
5511
3600
2354
2574
5088
5318
1678
4180
2453
3489
2900
4540
400
8216
2016
2548
4036
7193
7038
6614
2131
7096
2763
7539
5845
8101
6852
2243
1318
3292
8267
7549
6036
1193
447
2135
2028
7836
3180
2054
1543
5200
2779
8017
4080
5201
5053
7274
1104
2155
2554
2666
338
5072
2047
1627
1295
583
7582
3559
5790
7641
5261
7585
1208
7606
2819
4850
5509
7268
2368
1987
3202
6004
157
8057
522
1596
4399
5547
7907
7013
514
7163
2850
7908
5495
829
1359
2618
508
127
5903
3016
3598
6438
1186
4982
3286
3078
3183
5438
1422
2736
3204
1038
1685
4815
5134
1932
6042
2208
1696
5846
2174
7540
1769
3812
5420
4072
6958
5293
498
4027
1944
7480
7370
5288
705
7110
5073
243
8055
988
5016
5627
3979
700
6596
2962
1731
7893
4003
5136
5794
927
1721
5895
260
2480
1165
4614
161
3009
6758
1738
7825
3015
7122
6630
1173
7596
4692
4476
2126
8286
7294
2692
6333
3579
213
3454
906
5540
4943
1558
5776
666
1835
3907
422
53
7319
1169
5405
4207
728
1432
1840
2676
451
3052
6964
3757
5775
6627
6928
4127
855
2240
3428
3128
8212
5092
1296
3116
5392
5295
2036
4115
3560
888
3741
2803
3910
302
5997
8005
2796
8114
3813
5082
87
150
6490
4980
6127
2702
6546
3552
6539
4965
1914
1115
6296
388
5280
37
3464
2328
3632
4251
1919
3896
1487
3702
4264
2084
7840
5660
6998
5421
6183
475
4775
569
596
8198
2680
7183
2447
2974
5472
2005
3397
3995
1569
968
3343
1391
1106
821
7409
1827
7673
4606
4177
4440
6959
7329
8073
5125
6419
2003
7332
6051
7475
2312
1032
3409
717
2180
2663
6033
757
982
1353
3133
2510
1009
3998
5204
3045
7030
1457
5950
4819
470
925
5071
3973
7828
4099
4158
1219
1744
5198
6950
4008
4915
5119
5353
4205
2750
3762
5823
4796
5341
160
6834
863
2129
850
2171
516
2888
2167
826
7770
2515
4514
4875
5362
6494
5035
5054
669
7280
3731
3548
4472
6947
2040
4904
970
259
4067
78
2665
5236
1099
3687
1340
4892
5183
3798
5003
2560
3019
580
1108
6733
6735
5211
5588
6219
2000
2992
6515
5302
4741
7043
2225
896
5124
667
201
2333
4160
237
2427
1078
7316
7403
5140
5664
1761
3546
7753
440
5414
1211
7241
5386
5278
195
3503
8225
2685
3886
2015
2479
5911
2645
3370
8014
3836
8072
4964
3429
1822
7208
3018
1233
1178
1338
5957
6095
4956
4788
3366
1694
7748
5944
5753
5513
4477
4634
5137
3715
7532
6090
2019
5737
4348
4492
1015
3547
6016
4933
2578
5799
7797
1070
2044
7696
3191
2212
368
6383
2579
4221
4991
3192
4153
7601
2346
1957
3405
2217
8217
3325
4988
2198
3187
2323
7970
4004
2455
5955
4856
5651
4101
6748
4617
919
6720
3971
5010
5154
185
3948
4767
3354
2703
1063
7692
2324
3418
3146
847
3129
4151
4694
729
5451
3481
3186
2102
2363
7014
1479
1808
8276
3752
2588
7781
7369
3811
7674
6699
5052
2104
5532
6538
3485
6969
2968
2600
3036
4718
4947
7772
1322
335
6916
367
831
2986
5563
2765
7196
1841
2865
3908
4237
1829
3502
226
2161
402
3404
2701
6582
6245
2316
7717
3659
7742
1451
270
785
3231
1147
2845
2834
5548
1253
1687
3080
4354
2344
4722
5906
1859
5191
6974
5789
2592
8207
3529
7814
1852
1076
6615
2070
6117
5273
3922
8109
5857
6986
4014
2652
4927
5801
3326
4443
5059
509
2569
3480
5978
8296
3681
7121
7270
140
1221
4983
4736
5930
4283
5177
7536
3506
5143
8253
4993
772
7343
1950
1472
2854
1018
4412
2998
4275
6082
623
4023
3769
519
3378
7390
3134
7311
163
3349
810
6856
1593
5194
1525
3985
1992
6839
5562
2090
1394
2105
1004
3451
5577
5580
4948
6886
4924
2164
7816
4601
4050
250
3849
3549
965
3106
3237
2253
4754
7635
4100
6939
5045
8112
1947
7339
1963
5613
7727
1187
1230
6972
6751
640
823
467
1622
3447
1198
5129
5110
7682
7011
2108
6750
143
5641
4940
460
6380
6927
7505
1239
761
389
7134
4496
1386
4661
7639
180
931
822
1843
1700
5228
1978
6005
6644
517
3888
3527
893
953
985
2251
4417
6636
5543
6287
555
5188
1126
3571
528
1200
7724
6954
2838
2068
6240
3729
1120
145
1377
5719
1131
5938
738
2872
1809
6010
3384
3195
1315
4866
3774
181
6605
3130
3163
727
6276
3869
6076
1234
7589
1771
5348
209
7683
3377
1135
258
630
3494
1810
32
1638
1565
98
4467
4807
2672
839
7223
7833
1529
1071
5252
7477
6548
5658
8053
2181
1297
2875
1254
4789
8210
749
5770
5315
4341
2177
3107
1044
6376
2531
3662
523
6078
5161
7423
6109
7037
5935
693
3399
8190
139
2
1856
6647
3701
3310
2133
3665
1747
4498
4742
442
1546
2912
5948
6124
3112
1024
2743
6904
7385
5954
674
8221
510
5216
4981
998
1633
2691
6488
68
1085
4184
3381
6495
1563
4002
1936
25
2224
2072
6041
1298
2809
4554
849
3003
6536
6094
6629
7909
2123
6189
1293
1507
2662
5012
7925
4465
350
3977
1177
394
1670
63
2693
4202
2538
8209
910
5219
2276
1730
5324
7060
31
4937
5946
3589
7808
1290
2002
379
6611
4909
1908
2486
4732
1751
771
3357
385
2526
7498
6275
3111
54
1671
2011
7249
993
1882
533
995
5300
2106
6067
3966
6731
6417
946
7669
2505
4985
1689
3371
7902
7624
1223
1136
5714
3728
5027
3672
7607
7599
1368
2432
3396
3127
5029
2423
7776
766
586
3652
3011
4946
1532
4273
7257
1930
2879
920
726
7428
1357
5281
308
1393
5765
1452
2630
3348
6915
2356
1879
2467
6598
7637
1669
7355
2690
1143
7439
2714
2518
7118
2490
2647
2052
5243
809
5144
1831
6815
290
4938
6962
502
2489
1736
2273
1007
3400
3969
2842
7731
7016
955
4025
1153
544
3074
6643
7867
4960
7936
5166
7875
2062
3963
7422
3664
5947
7830
2137
2340
3680
1905
6599
1241
791
7627
5925
2004
6436
2300
4224
1473
6212
4165
3596
6104
2972
2563
6736
7811
7512
1535
1062
957
2081
6624
71
23
6952
7739
7418
1220
5209
2553
4144
1435
2698
5167
6682
2878
6794
2555
6931
2269
5157
3087
4771
2252
6883
1086
7253
2419
2095
5535
177
3972
692
1419
158
304
2864
3228
3362
4060
3032
890
1123
4908
2752
7139
2029
7387
2920
242
1642
1584
1949
1993
7675
1676
6035
1988
4730
4189
22
3320
6218
3208
2439
1242
2425
6595
7050
5614
6863
960
2182
824
2165
4997
1677
329
3734
155
3336
5701
2448
6800
4138
6588
559
90
4816
2582
3064
4973
4809
1719
478
918
2695
2265
5080
2067
315
1436
2847
3390
2381
3694
7015
2899
328
2565
2537
2821
1651
5022
7701
3124
5933
1203
8011
8194
4881
3838
3775
5111
7798
7664
3705
3315
3866
6922
5294
789
8096
7581
2099
4227
5251
7831
7766
7866
2720
3465
538
1836
790
1372
973
676
165
6547
5038
1
1739
153
7292
2442
4316
152
1550
2950
3566
2961
2545
793
3422
8035
967
806
5042
1342
4193
4
713
2017
4882
797
8071
4989
4527
2892
3262
3039
2226
6609
7071
365
7784
82
474
7321
1807
6050
3181
7308
4626
5060
437
8
3580
6874
7052
1040
4033
6497
5314
1430
1658
4468
4787
6670
5007
4847
5437
7373
2139
3415
4181
3766
136
1410
4173
3099
3331
8009
1779
5999
1034
2077
6692
4616
1781
1145
3689
1127
4744
1801
4197
2923
7612
8211
4549
3767
135
91
990
3555
2233
6407
6002
5847
599
283
6149
2513
7236
1860
3771
5272
6621
294
7345
3363
6625
2818
6069
2025
5058
7397
4150
7324
3561
2168
6544
45
162
4804
5411
5694
4768
3593
5061
5655
2063
3457
375
5928
1644
344
6861
4944
7026
2285
207
902
1826
2074
202
1754
7410
3558
3770
254
6955
2291
1428
2832
7276
4896
130
529
3498
2508
2454
4061
1081
4137
8015
3194
4811
4223
6504
6114
42
5953
1531
120
827
4188
5051
2191
5043
2401
2359
5647
3408
4198
6623
2769
4998
7690
2320
783
734
6107
3563
1159
7348
6832
6791
1358
272
2991
1695
466
808
1149
461
5258
2049
6300
1160
4480
2069
5075
882
926
8128
4218
7485
3676
886
2452
2584
1941
1312
105
1946
7688
366
7377
7206
1144
7948
341
3182
7383
3445
5622
795
7398
7430
3714
5904
5907
2079
311
3401
2103
218
4951
6053
6854
371
465
1516
4728
4045
5186
111
3437
4971
49
3825
5174
7382
4136
3460
699
2983
7764
1363
6044
6880
236
1333
7613
4307
5715
93
1142
2094
7337
6379
3379
5085
1527
1890
3332
1074
4749
2958
2608
1388
8103
5068
2056
7681
915
1517
6608
959
297
4058
5457
472
3398
97
3486
6702
3885
4880
6957
2812
7937
5226
4957
1883
4493
6120
5214
542
2735
7046
2521
2127
4608
3461
5028
398
1861
5244
7644
3466
1776
784
2429
1924
6659
1748
892
1383
3023
7966
6535
4612
4210
3347
5289
5615
3410
4984
2422
4020
8115
7322
7435
3656
1235
6420
4978
5286
2748
2306
5909
4018
5564
5279
567
571
372
2852
6876
2150
56
1100
5056
6860
7678
4196
4967
3431
424
85
6776
4228
6940
5573
1141
4479
4317
2581
4805
6963
2441
5130
3851
4555
2250
880
5048
690
2007
1146
2981
1080
118
471
2249
2132
8187
2440
4862
5844
281
4745
8033
4071
3718
75
3497
6282
1341
3395
4028
3697
3361
1066
2758
183
6607
1798
4250
6292
1868
4065
370
981
2476
2380
513
6
1151
958
2096
1697
5804
2742
2060
1132
875
2345
3109
463
129
2237
2220
5313
7629
2612
6518
3899
7450
4007
3412
6857
5926
5118
1788
1931
4005
2053
2089
6626
2267
7361
4034
59
4242
1522
4047
854
455
2506
7082
6913
4171
1022
1828
1724
4808
1314
373
2117
3591
4222
3285
256
1236
3005
7804
2886
4214
3201
2609
4448
7619
1197
4030
293
5529
7204
197
88
1953
392
5772
5079
5081
4175
3304
70
6884
5283
5609
4758
4851
1800
2042
6694
170
994
8000
4746
924
3426
778
6217
2113
1091
5149
1069
2246
3746
2450
5197
1832
3534
296
3355
1680
3196
5248
3477
3380
838
5178
6342
1539
1999
8129
1327
1243
384
4817
3717
6111
1938
4766
879
1157
7371
1834
2120
3433
2239
3602
2866
6672
186
3358
2589
276
8193
95
3082
4178
4195
1433
2501
4791
2107
1794
3937
2114
4912
3844
8123
7699
2325
4063
7723
6639
3095
3967
2561
1634
6853
4215
1008
2128
2416
1448
5039
777
2057
6541
5914
4186
2130
326
1478
2732
5738
568
5253
1804
1767
214
2223
579
2151
4930
2293
3720
1065
976
2178
1663
5249
2311
5032
1659
2601
2749
1755
5036
4792
912
3411
3964
4734
2509
2268
5569
64
558
7642
704
5187
943
1884
8016
5066
5631
2270
4134
2159
6865
3174
2122
6597
6632
6008
7237
4104
3601
1367
1194
2901
4176
2867
280
8191
1415
1118
844
5626
4482
1812
897
3193
235
1001
5064
5929
1847
159
1285
7666
4752
5266
2308
4660
5740
5915
840
5103
2101
86
3545
2248
3684
6088
8192
887
3533
1796
546
4274
1506
4388
3021
6841
3476
4941
2262
1691
1708
5901
4046
3284
2957
253
6589
1469
972
5034
6638
3269
1703
1824
7788
6610
3376
3419
5062
4012
257
2673
843
1380
1586
702
4040
3012
125
742
1839
1306
1019
5913
1217
5542
1514
360
1155
4009
5271
3700
948
1251
2855
2730
4928
262
5112
271
2091
1511
3663
941
4783
2010
5044
763
1119
992
184
721
794
2754
3809
8188
3574
5182
2719
505
3488
3703
5011
2027
2696
966
2607
5242
5255
5030
4209
2780
1445
4507
1244
6586
1551
883
1912
144
1347
199
5922
4987
1309
121
2894
325
2890
77
83
3997
663
5040
2086
576
452
2596
1752
103
109
5171
2727
4917
2111
7226
2461
6059
1231
8108
5924
4961
6034
1904
942
2776
4192
5156
2813
41
4010
6814
2871
317
2433
2586
396
917
468
1902
1171
3374
6773
1334
3524
1692
2434
2828
7229
836
7877
1012
244
1881
1090
2446
4199
2500
2431
2686
2339
116
7634
4872
2134
801
825
6092
1722
225
2119
62
168
2238
1763
4596
2236
1328
4996
2357
4031
3540
1710
264
2458
386
7230
6635
3627
4042
2415
1640
6616
1170
5269
3654
7478
4795
44
1041
3983
247
4680
6593
301
2844
5076
2193
4194
1222
1518
819
5265
548
134
1848
1976
2457
3344
983
765
4686
1894
4994
3171
1079
1508
1319
818
1681
3071
5419
4117
18
141
3531
4743
3388
4848
2715
7260
1440
1863
6965
8202
1216
2602
3608
6840
2001
670
2848
7376
7832
1195
4963
3515
51
1811
3013
307
3965
2059
3416
3914
1299
2396
313
3105
2438
733
4751
4182
5415
971
1818
3814
1789
2075
1294
303
8066
1576
6161
5805
6037
4043
6585
3970
2153
2257
1885
1493
2066
3727
1641
3976
1030
4475
1376
2870
786
305
166
7231
310
4048
748
7049
1867
1225
1515
2528
2527
327
6642
2030
7256
5237
7740
58
6587
274
5220
363
2254
2097
4990
3760
289
5259
106
2827
456
2026
1366
2534
1486
3911
1033
3800
7420
2718
1107
7548
2499
3253
1544
2798
4556
4026
3543
908
376
15
5250
6710
3861
5109
1554
5173
703
40
3889
6613
5952
4187
6917
6584
2896
79
3333
792
691
457
1977
1718
2535
1954
5703
2078
6628
2443
1447
2880
1793
6645
3250
4916
2654
2082
4206
3842
845
3768
1545
7116
1845
1075
3902
1035
7662
4075
3646
4247
2110
3189
261
698
5046
2688
3035
3525
8018
759
138
2953
3271
1732
2791
736
2219
3430
830
1125
6706
1411
1413
1348
406
585
43
322
1980
1474
331
3820
6930
1006
1918
7773
151
2426
5534
4191
6640
3785
6634
2234
780
2109
19
1734
1735
2603
3406
1686
2595
3763
7232
5918
5275
6859
1014
1016
1857
1316
479
4057
3761
813
7421
3085
5025
173
5716
6619
6116
2451
1263
314
1302
1303
2494
3088
518
2136
1117
6545
6836
4456
5916
6934
2503
962
2786
1392
5159
1726
853
689
3303
3786
2125
1381
2112
3452
781
2417
60
4272
1820
1471
7752
8208
3365
1991
695
4497
2775
3113
3272
1702
7374
4163
7857
986
6637
299
409
1256
1989
3499
2570
4054
8205
191
2895
3274
1416
551
6902
1688
782
1337
724
6001
3578
4052
769
1308
5180
1783
224
4131
1013
5418
1288
458
1112
6868
179
6620
3573
3887
1101
5115
1922
1068
1802
905
1095
361
2274
3790
8214
3961
1942
1249
1773
5021
3730
5065
1889
7858
3089
4217
846
5742
6428
3216
1777
2617
4972
1414
3968
80
5425
956
747
1403
4731
1031
4146
1396
245
1648
1089
2444
5100
848
3939
2264
3308
938
1699
2338
5
5927
1797
7803
4166
526
1218
3873
48
1866
2158
1405
1749
4219
2058
2437
2245
999
3407
1895
164
6371
381
1542
5268
4164
2350
4225
1740
520
1741
24
4204
1785
3341
3393
5168
3803
287
4976
1819
448
8120
7765
6505
3736
5026
832
3
3576
913
73
1536
395
1775
1998
4253
770
884
1061
5009
0
4905
248
20
2530
5841
2897
3467
4143
4381
1667
1728
7402
5037
1762
7482
1815
2235
1821
2770
3526
69
1204
1470
482
4919
2087
3345
1753
862
1864
3789
57
2037
1082
2039
3567
1110
5024
6086
3855
50
4303
5004
4859
4903
4174
3417
900
4216
1311
7021
6646
1675
4172
6606
4800
2533
5850
841
3504
4740
5006
1581
11
5900
2532
112
1305
2683
6018
3673
2271
3004
1093
4162
5910
1705
4753
4334
1096
1373
4145
3206
2418
4037
1156
3554
6007
1869
5416
719
4733
1929
131
3780
3372
2833
4329
1814
2729
1003
5246
3491
7600
382
2118
1310
5163
4001
1786
288
2814
3781
936
2766
94
1289
2614
758
5905
1729
2232
2006
265
255
246
1986
4945
4035
1072
9
768
2651
1399
1023
3496
3505
1974
895
390
108
122
816
1431
5014
380
491
1307
445
3713
3541
5084
3778
1167
3788
1313
814
2230
377
2804
1939
980
949
1020
2580
996
762
5033
156
894
1252
14
2116
323
1528
775
1512
1875
4803
1909
1286
2163