4529
5468
3249
6132
2143
5848
8150
6781
6650
6999
6774
3949
2146
2334
6654
2940
5440
1609
5725
3539
1571
6215
2938
6725
3928
4604
2939
6526
4049
7407
8116
8262
625
5465
7084
632
5610
6577
7595
2459
7336
4703
7415
4291
8244
1616
7531
8233
5881
7975
7689
5962
4107
3067
7951
6565
8119
7703
3061
6567
5728
3173
7708
4324
1050
3138
3530
3444
3151
6157
6474
6653
6471
3153
4701
4298
5629
7546
4798
4109
1183
7275
4773
5835
3629
5741
3516
8032
6195
1282
3342
4267
5091
1439
5441
2154
5833
6395
7679
7431
1458
7897
495
4302
3240
7365
5898
4326
7174
3327
5407
3168
4241
7934
7593
7306
6213
7357
4325
500
4560
7968
6770
4301
5526
3955
8243
2952
3070
6166
3068
5466
1274
5816
3929
2175
624
5368
7181
5851
5639
1271
954
6739
7239
6135
5965
7419
7705
1057
6579
5730
6990
1455
6476
3903
6730
4678
5135
5146
5808
2201
4458
3242
4523
1401
7093
4081
5942
4868
626
4693
5132
7716
204
4328
5635
4244
8242
5375
5599
7288
8226
8146
7262
2980
4765
8029
3062
3065
4827
8047
4407
5373
6574
6199
1267
5858
3316
6690
631
2497
6020
3675
6459
5597
4806
3101
6564
3951
4820
8067
4243
1189
1442
7035
2907
8272
6576
7888
3150
4842
4403
7353
2684
4813
3742
7926
2301
3053
4159
4404
5968
4292
3156
4343
4824
8307
7416
2641
6648
8060
4567
4578
6150
7714
7228
5523
7169
3026
4091
4311
1462
4096
4450
1426
8237
6473
7453
3154
5708
2307
4576
3441
3300
3302
8176
4666
3537
8180
3518
2184
8082
7584
4707
7441
6583
6866
779
7967
5507
7793
8271
4572
5504
5449
6482
8141
7706
6452
3884
5969
2799
3223
7715
4657
6813
7095
2636
2372
7745
5238
2391
4821
5147
6566
7954
1917
8007
6202
7530
5556
5444
1330
3677
5327
5355
4854
2846
6444
6697
5471
6304
3536
868
4266
1191
7103
5422
8081
7583
7537
5536
7283
8273
7170
5145
6721
7658
6190
5331
4451
3443
6918
7251
3875
8100
2841
5710
7565
7693
7552
4422
6920
7168
5450
4852
4543
5512
7586
425
5097
5406
1662
2623
1166
4837
3222
3986
7864
4763
6467
7433
6321
4782
6671
6030
7158
7733
5640
7459
4780
7697
3057
3456
5239
3435
7432
1575
8036
1404
3706
1618
8054
7399
3117
8306
2631
5902
7685
7670
4424
6572
741
6938
684
5727
6255
4375
4690
7002
8051
2382
6133
4697
5726
7728
5104
2149
4677
635
6335
7063
1871
193
7279
8046
6919
7912
5829
8284
5827
3925
1427
6273
3957
3821
4565
961
2947
2935
1344
8034
6343
4901
664
6651
8230
4654
6327
1573
4714
1637
4271
4230
5347
5369
6258
6346
6315
3236
8229
5448
1278
2885
1454
6465
7884
497
6664
5819
6340
1521
3671
7860
668
3096
2996
4431
5893
4711
3735
7246
881
7282
5401
5643
6509
6369
5645
7879
6289
6665
6943
6145
2936
8179
7078
6968
2404
8010
2542
2929
3835
6433
7602
8232
5675
439
5666
3232
4702
5603
4418
3751
6925
6946
5363
7796
7083
8279
2987
3239
5568
3704
8040
5366
4453
6562
8058
7712
5399
5142
6698
5586
5460
4755
1051
7734
8269
4454
7686
7476
6267
612
2638
5837
1657
4526
1276
4265
6775
5372
5706
3828
5654
5690
6667
4573
5619
5435
6442
6713
6211
7509
7718
8001
7217
7346
39
4488
6519
2738
7997
5813
6911
3176
4888
2949
5821
2203
3959
6331
3066
7175
4083
1970
628
7892
6676
8118
8111
7882
1604
6130
3044
5868
5611
2287
5476
1273
6649
4569
5724
4891
861
6026
6294
3049
2279
2504
7269
6525
7172
891
423
3136
1158
5470
5677
3510
5322
7179
4887
3453
5475
7513
4530
7702
5711
7367
5133
7603
1966
6151
5396
4113
7411
7335
5606
6003
5153
6778
8153
8256
3296
1450
6450
3532
6652
6558
1572
8302
885
4103
4459
7347
889
756
7529
7677
7597
8303
1519
6881
7725
8308
7087
4401
7707
4430
5798
5797
4372
3159
2632
3131
8305
7464
5840
5591
2905
7653
5326
7472
5388
5657
7137
2408
6028
4522
4715
10
5605
4129
3538
7996
2214
5679
6295
5828
682
8003
3158
5138
6561
8238
5771
2142
4112
7245
6131
5485
7726
6896
2362
5886
7091
7890
8173
3528
1971
8231
4906
6569
4563
1114
7408
5665
7351
6099
3148
903
7895
3801
8246
7771
8043
4345
5663
7131
7911
7515
5114
5443
3691
1888
1792
4161
3329
7164
1280
7075
7135
6214
7466
4840
4249
5836
4342
4673
5830
6201
7507
2156
6228
1574
5860
1649
7081
660
7076
8254
4884
4776
7651
5993
1758
4653
4363
8265
6443
2628
8042
1002
4737
6678
4885
8006
356
1420
7791
642
4705
4647
7302
3542
4898
7980
4575
6426
7072
5126
3143
608
4659
8061
3179
6820
5695
7989
5685
2995
2335
3619
6889
6808
3440
4846
7955
5812
5122
2679
6430
2911
7161
5707
6118
3056
3063
6982
1459
6817
4322
2910
3172
6167
5752
7939
1935
617
4828
4643
3759
7855
7468
7068
6704
3059
1354
6431
3160
3073
1534
5370
2298
6941
7036
3708
6125
6715
6493
7073
3051
4509
745
3921
4591
6196
6685
3826
6126
3620
1698
1268
3868
6657
7924
5566
4968
6757
6703
7556
6370
7863
3624
7328
4039
7286
6348
6573
2552
2994
4373
4277
4464
3055
5090
6508
1385
3877
2982
2348
8077
4351
4371
7331
7889
4289
5802
3382
4577
4287
4902
3956
1275
5483
933
4836
3947
1505
8025
320
527
5682
3622
2295
4377
413
7598
1617
5498
7655
6386
7240
1466
7184
6137
6554
6688
2200
7205
3618
5365
4869
6829
4154
6463
4439
6686
6910
4095
979
7494
6691
7074
7220
7182
7102
4366
4682
6432
6937
7946
7069
543
2840
3233
6666
3894
714
4953
5344
5508
5839
4528
5442
6139
3277
4125
5403
5553
7933
6486
7777
5184
8299
873
2507
3895
3309
5853
7307
7650
5270
8270
5502