2163
1286
1909
4803
1875
1512
775
1528
323
2116
14
1252
894
156
5033
762
996
2580
1020
949
980
1939
2804
377
2230
814
1313
3788
1167
3778
5084
3541
3713
445
1307
491
380
5014
1431
816
122
108
390
895
1974
3505
3496
1023
1399
2651
768
9
1072
4035
4945
1986
246
255
265
2006
2232
1729
5905
758
2614
1289
94
2766
936
3781
2814
288
1786
4001
5163
1310
2118
382
7600
3491
5246
1003
2729
1814
4329
2833
3372
3780
131
1929
4733
719
5416
1869
6007
3554
1156
4037
2418
3206
4145
1373
1096
4334
4753
1705
5910
4162
1093
3004
2271
3673
6018
2683
1305
112
2532
5900
11
1581
5006
4740
3504
841
5850
2533
4800
6606
4172
1675
6646
7021
1311
4216
900
3417
4174
4903
4859
5004
4303
50
3855
6086
5024
1110
3567
2039
1082
2037
57
3789
1864
862
1753
3345
2087
4919
482
1470
1204
69
3526
2770
1821
2235
1815
7482
1762
5037
7402
1728
1667
4381
4143
3467
2897
5841
2530
20
248
4905
0
5009
1061
884
770
4253
1998
1775
395
1536
73
913
3576
3
832
5026
3736
6505
7765
8120
448
1819
4976
287
3803
5168
3393
3341
1785
4204
24
1741
520
1740
4225
2350
4164
5268
1542
381
6371
164
1895
3407
999
2245
2437
2058
4219
1749
1405
2158
1866
48
3873
1218
526
4166
7803
1797
5927
5
2338
1699
938
3308
2264
3939
848
5100
2444
1089
1648
245
1396
4146
1031
4731
1403
747
956
5425
80
3968
1414
4972
2617
1777
3216
6428
5742
846
4217
3089
7858
1889
5065
3730
5021
1773
1249
1942
3961
8214
3790
2274
361
1095
905
1802
1068
1922
5115
1101
3887
3573
6620
179
6868
1112
458
1288
5418
1013
4131
224
1783
5180
1308
769
4052
3578
6001
724
1337
782
1688
6902
551
1416
3274
2895
191
8205
4054
2570
3499
1989
1256
409
299
6637
986
7857
4163
7374
1702
3272
3113
2775
4497
695
1991
3365
8208
7752
1471
1820
4272
60
2417
781
3452
2112
1381
2125
3786
3303
689
853
1726
5159
1392
2786
962
2503
6934
5916
4456
6836
6545
1117
2136
518
3088
2494
1303
1302
314
1263
2451
6116
6619
5716
173
5025
3085
7421
813
3761
4057
479
1316
1857
1016
1014
6859
5275
5918
7232
3763
2595
1686
3406
2603
1735
1734
19
2109
780
2234
6634
3785
6640
4191
5534
2426
151
7773
1918
1006
6930
3820
331
1474
1980
322
43
585
406
1348
1413
1411
6706
1125
830
3430
2219
736
2791
1732
3271
2953
138
759
8018
3525
3035
2688
5046
698
261
3189
2110
4247
3646
4075
7662
1035
3902
1075
1845
7116
1545
3768
845
3842
4206
2082
2654
4916
3250
6645
1793
2880
1447
2443
6628
2078
5703
1954
2535
1718
1977
457
691
792
3333
79
2896
6584
6917
4187
5952
6613
3889
40
703
5173
1554
5109
3861
6710
5250
15
376
908
3543
4026
4556
2798
1544
3253
2499
7548
1107
2718
7420
3800
1033
3911
1486
2534
1366
2026
456
2827
106
5259
289
3760
4990
2097
2254
363
5220
274
6587
58
7740
5237
7256
2030
6642
327
2527
2528
1515
1225
1867
7049
748
4048
310
7231
166
305
786
2870
1376
4475
1030
3976
1641
3727
2066
1493
1885
2257
2153
3970
6585
4043
6037
5805
6161
1576
8066
303
1294
2075
1789
3814
1818
971
5415
4182
4751
733
2438
3105
313
2396
1299
3914
3416
2059
3965
307
3013
1811
51
3515
4963
1195
7832
7376
2848
670
2001
6840
3608
2602
1216
8202
6965
1863
1440
7260
2715
4848
3388
4743
3531
141
18
4117
5419
3071
1681
818
1319
1508
1079
3171
4994
1894
4686
765
983
3344
2457
1976
1848
134
548
5265
819
1518
1222
4194
2193
5076
2844
301
6593
4680
247
3983
1041
44
4795
7478
3654
5269
1170
6616
1640
2415
4042
3627
6635
7230
386
2458
264
1710
3540
4031
2357
4996
1328
2236
4596
1763
2238
168
62
2119
225
1722
6092
825
801
2134
4872
7634
116
2339
2686
2431
2500
4199
2446
1090
1881
244
1012
7877
836
7229
2828
2434
1692
3524
1334
6773
3374
1171
1902
468
917
396
2586
2433
317
2871
6814
4010
41
2813
5156
4192
2776
942
1904
6034
4961
5924
8108
1231
6059
2461
7226
2111
4917
2727
5171
109
103
1752
2596
452
576
2086
5040
663
3997
83
77
2890
325
2894
121
1309
4987
5922
199
1347
144
1912
883
1551
6586
1244
4507
1445
2780
4209
5030
5255
5242
2607
966
2696
2027
5011
3703
3488
505
2719
5182
3574
8188
3809
2754
794
721
184
992
1119
763
5044
2010
4783
941
3663
1511
2091
271
5112
262
4928
2730
2855
1251
948
3700
5271
4009
1155
360
1514
5542
1217
5913
1019
1306
1839
742
125
3012
4040
702
1586
1380
843
2673
257
4012
5062
3419
3376
6610
7788
1824
1703
3269
6638
5034
972
1469
6589
253
2957
3284
4046
5901
1708
1691
2262
4941
3476
6841
3021
4388
1506
4274
546
1796
3533
887
8192
6088
3684
2248
3545
86
2101
5103
840
5915
5740
4660
2308
5266
4752
7666
1285
159
1847
5929
5064
1001
235
3193
897
1812
4482
5626
844
1118
1415
8191
280
2867
4176
2901
1194
1367
3601
4104
7237
6008
6632
6597
2122
3174
6865
2159
4134
2270
5631
5066
8016
1884
943
5187
704
7642
558
64
5569
2268
2509
4734
3964
3411
912
4792
5036
1755
2749
2601
1659
5032
2311
5249
1663
2178
976
1065
3720
2293
4930
2151
579
2223
214
1767
1804
5253
568
5738
2732
1478
326
2130
4186
5914
6541
2057
777
5039
1448
2416
2128
1008
4215
6853
1634
2561
3967
3095
6639
7723
4063
2325
7699
8123
3844
4912
2114
3937
1794
2107
4791
2501
1433
4195
4178
3082
95
8193
276
2589
3358
186
6672
2866
3602
2239
3433
2120
1834
7371
1157
879
4766
1938
6111
3717
4817
384
1243
1327
8129
1999
1539
6342
5178
838
3380
3477
5248
3196
1680
3355
296
3534
1832
5197
2450
3746
2246
1069
5149
1091
2113
6217
778
3426
924
4746
8000
994
170
6694
2042
1800
4851
4758
5609
5283
6884
70
3304
4175
5081
5079
5772
392
1953
88
197
7204
5529
293
4030
1197
7619
4448
2609
3201
4214
2886
7804
3005
1236
256
3285
4222
3591
2117
373
1314
4808
1724
1828
1022
4171
6913
7082
2506
455
854
4047
1522
4242
59
4034
7361
2267
6626
2089
2053
4005
1931
1788
5118
5926
6857
3412
4007
7450
3899
6518
2612
7629
5313
2220
2237
129
463
3109
2345
875
1132
2060
2742
5804
1697
2096
958
1151
6
513
2380
2476
981
370
4065
1868
6292
4250
1798
6607
183
2758
1066
3361
3697
4028
3395
1341
6282
3497
75
3718
4071
8033
4745
281
5844
4862
2440
8187
2132
2249
471
118
1080
2981
1146
2007
690
5048
880
2250
4555
3851
5130
2441
6963
4805
2581
4317
4479
1141
5573
6940
4228
6776
85
424
3431
4967
4196
7678
6860
5056
1100
56
2150
6876
2852
372
571
567
5279
5564
4018
5909
2306
2748
5286
4978
6420
1235
3656
7435
7322
8115
4020
2422
4984
3410
5615
5289
3347
4210
4612
6535
7966
3023
1383
892
1748
6659
1924
2429
784
1776
3466
7644
5244
1861
398
5028
3461
4608
2127
2521
7046
2735
542
5214
6120
4493
1883
4957
5226
7937
2812
6957
4880
3885
6702
3486
97
3398
472
5457
4058
297
959
6608
1517
915
7681
2056
5068
8103
1388
2608
2958
4749
1074
3332
1890
1527
5085
3379
6379
7337
2094
1142
93
5715
4307
7613
1333
236
6880
6044
1363
7764
2983
699
3460
4136
7382
5174
3825
49
4971
3437
111
5186
4045
4728
1516
465
371
6854
6053
4951
218
2103
3401
311
2079
5907
5904
3714
7430
7398
795
5622
3445
7383
3182
341
7948
1144
7206
7377
366
7688
1946
105
1312
1941
2584
2452
886
3676
7485
4218
8128
926
882
5075
2069
4480
1160
6300
2049
5258
461
1149
808
466
1695
2991
272
1358
6791
6832
7348
1159
3563
6107
734
783
2320
7690
4998
2769
6623
4198
3408
5647
2359
2401
5043
2191
5051
4188
827
120
1531
5953
42
6114
6504
4223
4811
3194
8015
4137
1081
4061
2454
2508
3498
529
130
4896
7276
2832
1428
2291
6955
254
3770
3558
7410
1754
202
2074
1826
902
207
2285
7026
4944
6861
344
1644
5928
375
3457
2063
5655
5061
3593
4768
5694
5411
4804
162
45
6544
2168
3561
7324
4150
7397
5058
2025
6069
2818
6625
3363
7345
294
6621
5272
3771
1860
7236
2513
6149
283
599
5847
6002
6407
2233
3555
990
91
135
3767
4549
8211
7612
2923
4197
1801
4744
1127
3689
1145
1781
4616
6692
2077
1034
5999
1779
8009
3331
3099
4173
1410
136
3766
4181
3415
2139
7373
5437
4847
5007
6670
4787
4468
1658
1430
5314
6497
4033
1040
7052
6874
3580
8
437
5060
4626
7308
3181
6050
1807
7321
474
82
7784
365
7071
6609
2226
3039
3262
2892
4527
4989
8071
797
4882
2017
713
4
4193
1342
5042
806
967
8035
3422
793
2545
2961
3566
2950
1550
152
4316
2442
7292
153
1739
1
5038
6547
165
676
973
1372
790
1836
538
3465
2720
7866
7766
7831
5251
4227
2099
7581
8096
789
5294
6922
3866
3315
3705
7664
7798
5111
3775
3838
4881
8194
8011
1203
5933
3124
7701
5022
1651
2821
2537
2565
328
2899
7015
3694
2381
3390
2847
1436
315
2067
5080
2265
2695
918
478
1719
4809
4973
3064
2582
4816
90
559
6588
4138
6800
2448
5701
3336
155
3734
329
1677
4997
2165
824
2182
960
6863
5614
7050
6595
2425
1242
2439
3208
6218
3320
22
4189
4730
1988
6035
1676
7675
1993
1949
1584
1642
242
2920
7387
2029
7139
2752
4908
1123
890
3032
4060
3362
3228
2864
304
158
1419
692
3972
177
5535
2095
2419
7253
1086
6883
2252
4771
3087
5157
2269
6931
2555
6794
2878
6682
5167
2698
1435
4144
2553
5209
1220
7418
7739
6952
23
71
6624
2081
957
1062
1535
7512
7811
6736
2563
2972
6104
3596
4165
6212
1473
4224
2300
6436
2004
5925
7627
791
1241
6599
1905
3680
2340
2137
7830
5947
3664
7422
3963
2062
7875
5166
7936
4960
7867
6643
3074
544
1153
4025
955
7016
7731
2842
3969
3400
1007
2273
1736
2489
502
6962
4938
290
6815
1831
5144
809
5243
2052
2647
2490
7118
2518
2714
7439
1143
2690
7355
1669
7637
6598
2467
1879
2356
6915
3348
2630
1452
5765
1393
308
5281
1357
7428
726
920
2879
1930
7257
4273
1532
4946
3011
3652
586
766
7776
2423
5029
3127
3396
2432
1368
7599
7607
3672
5027
3728
5714
1136
1223
7624
7902
3371
1689
4985
2505
7669
946
6417
6731
3966
6067
2106
5300
995
533
1882
993
7249
2011
1671
54
3111
6275
7498
2526
385
3357
771
1751
4732
2486
1908
4909
6611
379
2002
1290
7808
3589
5946
4937
31
7060
5324
1730
2276
5219
910
8209
2538
4202
2693
63
1670
394
1177
3977
350
4465
7925
5012
2662
1507
1293
6189
2123
7909
6629
6094
6536
3003
849
4554
2809
1298
6041
2072
2224
25
1936
4002
1563
6495
3381
4184
1085
68
6488
2691
1633
998
4981
5216
510
8221
674
5954
7385
6904
2743
1024
3112
6124
5948
2912
1546
442
4742
4498
1747
3665
2133
3310
3701
6647
1856
2
139
8190
3399
693
5935
7037
6109
7423
5161
6078
523
3662
2531
6376
1044
3107
2177
4341
5315
5770
749
8210
4789
1254
2875
1297
2181
8053
5658
6548
7477
5252
1071
1529
7833
7223
839
2672
4807
4467
98
1565
1638
32
1810
3494
630
258
1135
3377
7683
209
5348
1771
7589
1234
6076
3869
6276
727
3163
3130
6605
181
3774
4866
1315
3195
3384
6010
1809
2872
738
5938
1131
5719
1377
145
1120
3729
6240
2068
2838
6954
7724
1200
528
3571
1126
5188
555
6287
5543
6636
4417
2251
985
953
893
3527
3888
517
6644
6005
1978
5228
1700
1843
822
931
180
7639
4661
1386
4496
7134
389
761
1239
7505
6927
6380
460
4940
5641
143
6750
2108
7011
7682
5110
5129
1198
3447
1622
467
823
640
6751
6972
1230
1187
7727
5613
1963
7339
1947
8112
5045
6939
4100
7635
4754
2253
3237
3106
965
3549
3849
250
4050
4601
7816
2164
4924
6886
4948
5580
5577
3451
1004
2105
1394
2090
5562
6839
1992
3985
1525
5194
1593
6856
810
3349
163
7311
3134
7390
3378
519
3769
4023
623
6082
4275
2998
4412
1018
2854
1472
1950
7343
772
4993
8253
5143
3506
7536
5177
4283
5930
4736
4983
1221
140
7270
7121
3681
8296
5978
3480
2569
509
5059
4443
3326
5801
4927
2652
4014
6986
5857
8109
3922
5273
6117
2070
6615
1076
1852
7814
3529
8207
2592
5789
6974
5191
1859
5906
4722
2344
4354
3080
1687
1253
5548
2834
2845
1147
3231
785
270
1451
7742
3659
7717
2316
6245
6582
2701
3404
402
2161
226
3502
1829
4237
3908
2865
1841
7196
2765
5563
2986
831
367
6916
335
1322
7772
4947
4718
3036
2600
2968
6969
3485
6538
5532
2104
5052
6699
7674
3811
7369
7781
2588
3752
8276
1808
1479
7014
2363
2102
3186
3481
5451
729
4694
4151
3129
847
3146
3418
2324
7692
1063
2703
3354
4767
3948
185
5154
5010
3971
6720
919
4617
6748
4101
5651
4856
5955
2455
4004
7970
2323
3187
2198
4988
3325
8217
2217
3405
1957
2346
7601
4153
3192
4991
4221
2579
6383
368
2212
3191
7696
2044
1070
7797
5799
2578
4933
6016
3547
1015
4492
4348
5737
2019
6090
7532
3715
5137
4634
4477
5513
5753
5944
7748
1694
3366
4788
4956
6095
5957
1338
1178
1233
3018
7208
1822
3429
4964
8072
3836
8014
3370
2645
5911
2479
2015
3886
2685
8225
3503
195
5278
5386
7241
1211
5414
440
7753
3546
1761
5664
5140
7403
7316
1078
2427
237
4160
2333
201
667
5124
896
2225
7043
4741
5302
6515
2992
2000
6219
5588
5211
6735
6733
1108
580
3019
2560
5003
3798
5183
4892
1340
3687
1099
5236
2665
78
4067
259
970
4904
2040
6947
4472
3548
3731
7280
669
5054
5035
6494
5362
4875
4514
2515
7770
826
2167
2888
516
2171
850
2129
863
6834
160
5341
4796
5823
3762
2750
4205
5353
5119
4915
4008
6950
5198
1744
1219
4158
4099
7828
3973
5071
925
470
4819
5950
1457
7030
3045
5204
3998
1009
2510
3133
1353
982
757
6033
2663
2180
717
3409
1032
2312
7475
6051
7332
2003
6419
5125
8073
7329
6959
4440
4177
4606
7673
1827
7409
821
1106
1391
3343
968
1569
3995
3397
2005
5472
2974
2447
7183
2680
8198
596
569
4775
475
6183
5421
6998
5660
7840
2084
4264
3702
1487
3896
1919
4251
3632
2328
3464
37
5280
388
6296
1115
1914
4965
6539
3552
6546
2702
6127
4980
6490
150
87
5082
3813
8114
2796
8005
5997
302
3910
2803
3741
888
3560
4115
2036
5295
5392
3116
1296
5092
8212
3128
3428
2240
855
4127
6928
6627
5775
3757
6964
3052
451
2676
1840
1432
728
4207
5405
1169
7319
53
422
3907
1835
666
5776
1558
4943
5540
906
3454
213
3579
6333
2692
7294
8286
2126
4476
4692
7596
1173
6630
7122
3015
7825
1738
6758
3009
161
4614
1165
2480
260
5895
1721
927
5794
5136
4003
7893
1731
2962
6596
700
3979
5627
5016
988
8055
243
5073
7110
705
5288
7370
7480
1944
4027
498
5293
6958
4072
5420
3812
1769
7540
2174
5846
1696
2208
6042
1932
5134
4815
1685
1038
3204
2736
1422
5438
3183
3078
3286
4982
1186
6438
3598
3016
5903
127
508
2618
1359
829
5495
7908
2850
7163
514
7013
7907
5547
4399
1596
522
8057
157
6004
3202
1987
2368
7268
5509
4850
2819
7606
1208
7585
5261
7641
5790
3559
7582
583
1295
1627
2047
5072
338
2666
2554
2155
1104
7274
5053
5201
4080
8017
2779
5200
1543
2054
3180
7836
2028
2135
447
1193
6036
7549
8267
3292
1318
2243
6852
8101
5845
7539
2763
7096
2131
6614
7038
7193
4036
2548
2016
8216
400
4540
2900
3489
2453
4180
1678
5318
5088
2574
2354
3600
5511
3501
4257
1844
3511
6023
3166
3211
4855
5697
2989
3923
2918
5384
1981
2642
1497
7614
171
4939
7999
7455
5247
720
1723
3084
2260
4589
1745
4232
3427
604
1760
4874
2613
5717
2261
8289
7413
5005
7065
5179
1674
3975
1265
3709
3692
6230
4320
5338
2065
6843
923
3110
473
4638
4675
5578
1523
2556
6341
3617
5806
7162
3710
716
5245
2860
8113
5260
6914
5667
5842
96
81
3819
6040
8084
6060
7741
6693
1816
5379
6243
7007
295
565
3784
2731
7491
5758
675
4495
7981
5754
6075
285
5121
65
1791
332
4111
1266
1000
2960
4425
2881
3695
401
3716
4986
7427
8196
3883
175
2849
2449
6932
6523
3442
3643
5429
2207
74
132
3175
800
2971
723
521
4524
4545
5781
7064
5067
1281
572
7391
1756
5049
5306
441
3463
805
462
7768
291
7008
5055
6749
1248
3764
6683
1017
7821
1880
2577
4347
1683
5086
2707
3901
107
2954
47
2787
974
634
5094
1345
6310
3793
6522
5336
2061
3962
6065
3557
2677
2622
8121
916
7616
3712
6847
4133
7819
5549
4899
3570
3565
35
5784
3097
5078
7610
2753
7750
3383
6591
1320
3658
4229
3756
978
8218
6792
1324
6551
5426
3075
4201
1588
1679
3007
2482
3423
5262
115
615
4790
6768
1398
6316
5698
5050
2785
2050
6489
4970
7426
233
8104
1387
730
7795
1715
6789
1205
4992
1577
2807
4895
3843
3945
8224
665
6014
4864
340
3507
6365
2033
399
2710
8127
553
7028
4361
1441
4583
5296
3722
5750
5095
1467
5205
8068
984
1140
330
417
1163
6055
1594
8012
1714
5795
1360
4599
6098
404
1175
1356
3118
378
3188
3385
4485
2658
6612
3679
1903
501
7786
1600
1084
6266
2048
2784
7326
5672
6336
7115
282
1464
6246
2699
7023
921
5206
1982
7757
3360
3414
3749
4350
5648
7291
3748
3042
4907
5624
6716
4051
1580
5221
932
5780
706
7401
1713
5583
2162
16
7587
6594
4059
6844
858
5256
7180
922
2034
3864
4770
5791
1911
1513
364
7293
5527
3280
511
4385
3008
1389
6063
8094
3551
549
649
4449
2041
5644
113
7194
603
620
2705
5192
7646
3776
6542
6971
6176
6006
7474
6936
1284
1201
3999
2496
7794
5349
4092
2277
3792
3270
594
3612
3369
1026
5530
4338
3162
2144
804
2671
7290
3850
945
2759
1650
5764
1116
3932
6011
206
6351
8223
4032
5312
6949
2706
4093
5748
1190
1240
3783
6864
3006
5264
2332
1103
2629
3597
7375
2999
3319
6172
4090
355
1597
2349
6500
610
6204
7447
5988
2428
7691
4414
1770
657
5958
7568
3185
6869
99
2314
1759
1928
6123
5897
4212
4929
2925
3081
2115
4406
6534
7250
7809
7368
6966
3351
3661
1468
6890
4245
2327
7761
5229
6737
1985
7802
3093
3834
7947
3988
4541
6247
6848
1578
7656
6413
1933
7569
1129
5800
3449
2227
6921
309
4389
7265
369
6046
5185
1437
8189
5047
3091
7033
1927
7191
8263
673
5616
7837
3892
477
737
1823
6472
7906
2406
7818
4849
4483
4029
1934
5894
2258
817
426
7838
4420
3420
1423
3335
6159
5951
5982
2740
7935
6552
3669
7901
7018
6350
8132
5570
1865
6540
7630
6726
29
4064
1477
6603
7379
104
5387
5276
6960
4353
7663
2064
5346
6264
1098
2204
429
3606
3876
4069
2430
2367
4592
499
4211
4260
3495
4490
7486
3513
2152
4772
4546
6355
1673
316
2189
2071
563
2678
6543
7626
1491
3900
7822
1094
6673
7094
3858
7511
7921
1757
1672
4252
1148
1623
6633
30
2976
4784
3512
3993
2830
2465
6349
5454
5031
324
2445
5921
3584
606
7899
1287
6873
4544
963
1064
1325
8145
7661
6122
3226
2966
7668
2969
1886
535
1625
4254
4413
4409
740
7657
4877
7086
1665
696
7320
278
148
7032
4044
1210
5743
4116
6805
1397
2649
3595
7632
2272
4444
174
3391
6406
1049
8102
453
753
8283
2211
239
1179
3017
5317
6786
7479
515
4672
2373
5469
6324
1910
2073
3283
5351
393
3740
4761
7524
4469
1130
6835
4959
2571
2557
7561
4055
6084
4774
5531
8294
2353
353
6009
2869
2502
3184
3259
3562
1768
6231
6427
867
3001
7660
3092
5222
3038
4478
5920
7611
4786
2737
1733
2948
1892
1500
4148
6462
6924
6024
1877
7381
4397
6892
7609
7659
2893
776
3030
2978
8056
5788
2829
6357
6345
1215
5917
3403
6901
7684
1087
446
374
4814
1631
4918
1395
5704
5215
6359
4966
7025
537
989
7020
4387
5516
3352
5773
5430
6115
5128
5936
951
2772
476
6207
2591
7088
1499
2098
3279
1382
1624
5745
5207
7590
5329
7359
4312
6128
5612
2822
3212
2478
8295
911
5428
6083
7019
7502
485
7870
541
3721
7849
2083
6399
5533
7210
3137
5628
1224
7834
6077
5759
811
3459
6923
3639
8008
6062
3845
3633
7873
6903
1850
292
2038
7615
3301
4914
5113
5195
8277
5582
2256
5291
1029
6057
1787
4999
5181
251
343
4936
3693
7519
4534
5964
7778
866
6220
1846
4097
286
1684
6602
6771
4013
420
5558
8148
6842
3594
7151
8125
3653
1817
6559
2924
123
4781
4760
3725
707
397
7676
3424
7314
7852
6257
5360
2891
3699
1228
6409
6291
7159
3726
3439
6973
114
2355
2523
4056
739
6043
4913
2495
3324
6970
5217
2488
5417
1304
2221
66
6317
7780
4669
7386
4799
1350
1245
1967
652
6314
1238
2032
7525
609
865
3221
2757
7749
7687
4725
3102
4335
5491
6622
2196
61
1232
7631
851
1743
4118
5267
6600
5152
2085
6073
6334
4213
5303
4276
860
3621
5413
6093
5404
4142
4474
7358
1206
796
2573
2309
2021
2562
5424
6285
2424
7364
1412
2800
6284
1476
6079
1343
1488
2587
3252
1524
6163
3288
1443
334
7393
7499
1619
564
1585
6254
5412
6700
240
3353
4022
7128
1606
279
339
2616
5807
2902
1317
4910
2292
2668
5767
3605
8228
3588
2289
6187
3952
834
7310
2403
2414
3796
7850
1553
4553
4652
4600
2884
8137
2188
1300
3337
899
6872
1272
4038
6882
5550
3707
633
5284
2861
3582
4000
6105
2329
4130
577
8106
6089
1682
2547
3992
249
812
969
5108
2970
7746
211
2868
2484
1425
4942
1257
2805
6192
4190
4779
4390
799
2550
5575
3264
6877
5756
4822
3912
6984
3121
6898
7876
4720
638
5584
898
3635
7620
5746
3779
2941
6681
2717
4867
1258
337
4053
1782
3209
5932
2043
5212
4747
203
4646
7553
6767
5432
944
1335
5467
7010
2708
4098
7429
4481
6283
7446
6744
3647
4801
5290
5652
4327
3806
2823
4797
2921
5887
2789
6674
7982
4132
1602
6967
1495
1854
2655
4357
3010
1379
2398
7514
3356
964
6271
5316
7356
7991
6403
7550
1833
7643
333
5528
5254
2491
7881
2572
2544
7395
7000
4141
3060
574
6961
602
1559
722
7443
6322
7360
7458
3893
3634
7388
6091
238
1639
6810
1838
2296
5162
4502
1806
3034
754
7993
2751
4934
142
6085
6389
3857
5393
6250
3144
5980
4473
1632
7526
2694
3339
3791
5671
5328
1490
6185
351
907
4122
7243
2606
2024
4622
7112
7299
3980
2326
4078
7244
3392
232
8259
2194
7027
454
6303
2516
950
3853
6225
1645
4308
5934
6268
3846
3243
5506
8044
1434
2400
8255
7317
4871
252
7949
4501
8143
7022
7621
7323
5000
2801
1250
5285
1772
7211
1460
6242
1137
7919
2721
2088
362
3014
1246
7039
6279
5099
3265
4411
2157
2566
2148
5713
1055
6141
7255
3623
7462
483
3881
7300
7974
7891
1983
1260
1226
6912
8281
6719
7942
1720
194
5158
1872
4551
3871
4386
6618
3772
4700
7330
8134
6759
7247
7142
2681
2124
534
2797
2341
2462
7045
8168
4834
4331
5642
1449
1417
7295
2973
3904
1453
8002
5381
5731
6064
6809
3841
5165
6812
6797
743
2013
2263
6528
5861
2585
3807
7853
3981
5761
8167
3918
6182
2704
3743
3273
200
7588
7759
7100
7313
5230
1351
7851
2009
5939
7950
5503
7500
2394
7835
662
6112
5240
2360
5008
6263
6307
2460
4299
3521
5981
914
4336
6262
1750
6326
952
4640
1461
6270
6907
5843
3882
4471
4536
6256
6029
4016
6253
2290
3744
3213
573
480
5160
3275
3797
7389
6527
6352
4621
3795
4890
3492
4286
7843
6900
2604
2294
3123
6332
1891
3083
12
3822
383
5202
5766
6604
352
5340
6074
3313
2700
6740
5074
490
1418
7384
3278
661
2883
1182
1601
21
6272
5377
7147
5203
6329
3281
7483
1952
7187
6481
4829
6391
3058
1025
6308
2209
6320
6601
4931
6248
6249
6259
6288
6793
4238
6631
5131
3651
2100
3025
3862
4041
5744
4505
587
6330
7608
6905
7362
2280
6461
1870
2624
1940
7806
6712
4086
3590
4281
8038
7341
2170
2675
3446
403
6177
1292
7109
697
592
3880
7235
4550
1045
187
1502
595
1237
6165
3470
2802
7592
4426
4635
1188
1121
6887
3022
584
5567
6484
2745
4764
3644
4794
484
3450
2222
2756
7695
3863
6804
1725
2594
7394
1540
6795
5818
1916
7156
3287
1537
7029
618
5729
1664
7396
5709
7730
2485
2387
6824
1968
1212
877
1207
4240
126
4248
6061
3469
6236
3630
3916
7755
6328
2519
5963
2549
5633
7266
2370
7380
5787
6353
5673
5638
2904
2020
7461
5908
8027
1021
4309
6096
7040
3479
268
215
6696
3867
751
7844
4633
1229
2644
7528
6980
4894
8278
1361
4019
4519
2322
6297
5736
6695
3334
3247
4152
1214
5625
13
3413
3493
1124
1538
1926
7197
4313
5945
4729
5544
2605
4234
7729
3870
26
1421
6549
3122
6100
4349
1853
4757
2943
1706
4246
5777
6260
5193
3891
2231
7861
2674
3569
4021
3207
5309
636
2080
2022
2318
2988
6013
1717
7259
3603
3139
3934
2990
1790
6278
5400
5257
3294
3219
8161
6197
3587
803
4704
8140
4552
6058
3258
4356
5608
1400
7157
1077
2397
2934
7012
3847
2014
312
2092
5455
3484
1626
3311
4958
7296
7932
5786
7754
3586
3683
4084
3077
7449
6760
1876
6394
3119
1111
2906
1346
7872
6241
4105
6344
7252
4314
6885
7736
6422
6205
2255
3178
7506
5747
3079
4962
2481
4547
5333
7493
7760
2185
6728
2093
6181
1134
5822
7414
4504
5718
1329
1446
76
712
2317
3913
6723
6687
1133
7652
3804
7767
5018
7055
1862
7521
2471
3145
6265
2275
4236
4442
8275
4759
939
5477
876
7570
3141
7342
3164
530
5992
7219
2713
8171
3205
2023
8203
6269
5287
4785
4376
2173
6366
2278
1898
5521
5320
3615
5691
4114
1247
575
2659
2777
2187
6711
1990
644
8122
7224
755
4853
7425
2811
3472
2824
7258
7859
3678
5632
3667
6451
4073
4179
7487
6022
4332
3787
7062
5985
1073
680
55
1010
8297
7059
146
8290
627
7051
1438
6976
7988
8182
987
7782
1349
7628
1209
3974
298
7192
405
6103
619
1984
5983
6396
4185
3338
4689
1608
1483
408
2342
1164
3839
5537
2179
4738
4830
929
3108
7006
1612
2421
5342
1402
744
1326
6216
8019
2541
3224
2172
348
681
7578
6424
3832
6203
5519
6298
1176
6487
648
3682
176
4340
7352
2977
1407
6669
6319
6398
3043
1975
4499
7501
7448
5020
2887
7543
8139
7913
1766
7973
6807
1995
7216
7424
2468
4636
6418
496
637
8085
4863
7333
7551
4655
2633
5057
4735
3197
2903
6801
7880
7640
5002
2160
5998
481
7203
2282
4126
3522
6070
6837
1582
788
3238
3020
2385
8288
7573
6571
3637
3583
1113
1969
3359
2794
2543
6784
6373
6440
7846
1027
3581
3254
5101
5943
3794
7904
2286
2343
7538
694
6102
6368
8280
2764
2959
7200
1321
3402
2687
4167
3199
5636
5083
7962
428
5589
217
5552
7625
1997
2575
221
6223
2767
154
7454
3765
2470
2583
1139
8090
2761
3266
5354
1646
5755
7378
3048
5334
4082
4628
6360
7272
5867
7735
3104
6226
1921
1199
2627
6143
852
4235
2536
2876
7744
6501
1291
8083
904
4140
4168
2076
3930
7847
4860
444
5461
2374
600
7215
6491
7815
1858
2166
128
3935
4369
2330
2377
6425
3613
7516
6763
4681
5218
4921
7209
5931
6434
3920
7711
2199
4685
750
188
3350
3514
5169
216
3984
2610
4926
5517
7248
5305
418
7510
4486
8023
557
8184
7047
4706
2319
7775
2031
2514
1707
857
2722
6846
7273
4304
4580
7099
1742
2795
4603
1630
6933
2388
6707
6186
7885
3214
427
4719
6401
582
4886
7567
3631
92
2859
2375
3982
1083
2626
8026
1629
4106
6498
605
7522
6234
6798
6175
220
5630
4932
7417
3103
6466
3642
5757
6782
3126
5546
3686
4393
7496
3810
5696
4952
4358
4503
2816
6689
7535
647
3500
6978
3690
2615
7119
8098
4445
5015
4310
7698
4748
7344
1181
5620
6313
5176
7965
4200
4396
5524
6171
4954
6235
7694
710
6537
6052
4510
7178
3711
3831
4623
4620
4333
4077
1837
4085
7484
5557
2568
7080
815
3824
2985
2590
5150
6821
7810
8020
7271
28
4087
3638
5865
2726
4949
2661
6590
6765
6790
4070
2825
4769
7898
6106
1046
5778
7490
6015
1097
7789
8227
3024
5172
1654
1628
5874
7763
4810
5623
4428
2147
4920
415
8110
3944
1920
1716
3917
725
3940
3698
2475
5956
7207
7225
6944
431
3978
1583
934
1028
4521
5481
449
2723
1709
5554
5439
4870
4203
2843
4566
1652
7938
7495
2650
2760
2487
5899
4378
3568
1589
3276
7044
4588
4208
653
6745
2351
2369
419
539
6019
36
2625
7931
1364
4518
764
4305
6178
2922
7132
1557
450
4756
1901
2670
275
3535
6374
1463
4513
4802
1088
2472
4512
6325
1923
1005
5834
2283
4873
7618
6180
2215
7452
1566
1036
3739
2810
8138
7633
5596
1264
4557
4293
306
1746
7572
8107
7195
7920
4300
3299
4278
570
6229
2244
5175
1825
7769
1371
4261
4066
2045
4531
2930
277
5571
711
4831
4269
4270
4282
4288
4290
4295
4318
5077
5013
4447
5972
2682
7238
6985
1587
7517
6227
72
1598
8261
3114
7177
3666
234
4650
6378
212
2755
5989
3572
4838
2413
5949
3556
6012
6153
487
1959
2121
492
3777
7141
5274
2371
2746
7392
6777
1161
208
5594
773
1562
6897
3607
6021
34
1913
263
2512
6833
8133
1213
4006
8248
6838
6862
4974
4897
7959
1424
67
196
2435
4408
4337
2551
7107
3738
2498
241
6560
6404
2242
1712
6524
807
3328
1666
6799
6496
1979
4641
7
2792
6435
3394
552
5213
7436
8241
4128
2768
835
3002
4818
1994
7497
4157
5723
5735
7457
7956
4579
4416
1591
3432
7799
828
5224
6661
6191
6113
7751
869
1690
6408
2186
1660
871
1765
7297
5292
4548
2305
6152
6734
3293
1498
4845
1579
672
7325
7533
2352
5871
5811
5875
1956
1067
708
566
6858
3115
686
5096
5447
3125
5297
7829
2018
3924
8149
4950
3248
1607
3046
7826
3609
1489
3037
347
5892
7523
3879
1737
5856
5093
2138
6306
5994
4889
6000
6437
8075
4394
5604
1172
1549
659
7577
735
6056
5378
5352
4559
7481
5345
4155
975
5155
2365
4170
2176
6992
2669
639
3069
2393
117
8239
8175
4076
5189
5479
7024
4995
1620
4662
5669
5979
3169
3859
2820
4979
3318
2511
3874
8301
6188
2559
8257
5774
746
2856
6392
1261
1668
3550
3245
614
4861
6826
3991
532
6039
7994
1564
5241
4713
2241
6453
6705
4419
3190
189
6072
3230
2831
5872
5782
4893
687
3604
5769
5975
8151
4955
578
4108
709
787
6402
2390
4068
1043
8063
6017
7061
8166
110
2773
7520
5838
7800
5371
3815
5987
5849
1893
3938
5674
4538
6732
6753
8091
5676
7972
3837
2564
5190
6206
4220
391
7042
6045
4649
3246
3827
4156
3936
1805
4630
7720
3818
8249
7281
2035
2656
5555
2228
7783
8285
7541
5385
2310
5751
5107
3958
4857
5304
1727
4727
650
5041
1109
6405
909
4878
1059
8274
4392
2524
3220
7998
5919
4562
2210
5307
2259
8181
6068
7790
318
2331
504
4427
7053
1943
1955
6478
8282
6655
5959
6517
3165
4024
3029
842
7984
4631
928
4239
2815
2392
8219
5650
1092
8079
414
5474
6081
5356
8201
4379
3455
8080
6412
6146
6281
3517
5940
7437
3086
1482
3142
7405
3487
5525
4110
8024
7031
2466
6822
4826
2660
7645
6173
7129
4296
678
7312
5148
6823
6756
3290
6174
2229
4319
4323
7985
6193
2882
2955
6479
3625
2297
8251
5263
4516
4263
5986
7900
5970
6870
6878
6286
38
7126
6879
5308
6397
2967
5390
6888
2474
3833
3425
7056
7869
6755
1122
5364
7545
359
1900
124
7124
6154
2889
7922
5069
5070
4494
6054
4169
4398
6850
2046
6367
589
8250
8087
1526
3040
6975
1283
7801
8199
5793
2724
7143
2762
273
2857
6592
2405
8174
3314
4102
4410
5019
6568
4721
2410
6779
8197
7077
6529
7254
6979
6110
2378
2817
561
1262
3919
4484
6492
3950
1610
4258
2744
435
7636
205
2473
3906
5831
2725
613
3575
6556
2711
2266
7871
2247
7559
4135
5098
7130
6358
3750
4615
4658
3473
6819
6290
1530
2463
178
4812
4665
7301
7508
6302
1661
192
3312
7945
2697
6785
4279
5937
7638
5196
1906
8200
6761
3670
1192
6891
4648
5431
2657
2716
6828
2979
5796
593
6162
937
4602
6995
2361
223
1780
7009
6514
3305
7334
5105
8126
3251
2933
2299
547
6377
3737
3215
7958
4441
3027
8037
486
8172
5301
7929
4262
4585
6456
6446
3203
6454
5410
46
4405
6393
4436
6447
6460
6469
5990
2916
5383
651
4975
5783
7034
5852
5739
1102
701
3373
2284
4423
6445
6318
7671
4297
6387
336
8215
169
3953
6458
5576
1873
6232
5123
3462
7960
621
2599
3291
1613
5445
6155
6662
1958
4865
8022
3996
4883
6457
7079
7894
4618
3585
6025
837
6550
7101
1168
4625
3387
1945
4823
1855
2529
6066
6520
2975
8089
147
5120
1552
3823
5621
8131
4558
2386
5859
6134
3330
3933
6658
588
7285
6439
7953
210
977
8064
6337
2774
7412
3616
5825
5063
4364
1202
119
5398
2216
1011
4833
8309
7605
5693
6184
5496
4368
2281
7862
7106
1533
6210
7927
6675
7152
1996
3926
7298
2771
7221
7542
6766
6138
6830
1896
5208
6906
5891
7928
6679
4674
1878
1851
2384
2055
5164
345
4684
4533
6521
1887
1603
3161
4793
3773
2192
6441
6533
7547
4663
2313
2790
5912
6400
3856
5973
1279
1556
1409
6754
7202
5499
5282
7434
6087
8105
7176
7992
6411
7987
8136
6717
3241
7372
5680
7148
7155
1444
4688
5139
2539
8045
7544
7923
2874
4226
3954
5585
6701
5815
2964
4876
3592
3234
5463
4457
3323
3483
5127
100
6507
7438
7003
4062
1494
1635
1764
3047
2520
7574
5343
6977
6668
8293
2169
3170
5702
3386
4017
7186
562
5602
1269
6513
8213
8041
219
5749
101
7878
137
1060
7165
3482
4841
1960
8135
7854
3235
930
6764
6677
6160
6714
8287
8062
7284
5878
4609
6416
2637
5490
6983
6468
3448
1475
5522
1655
4778
5462
2493
2858
4664
387
560
1925
7318
5311
5482
5223
8021
7916
5721
2993
3660
6641
2145
3346
7105
2376
2648
1052
6448
3155
581
8177
2932
2456
8292
2420
2997
8130
6480
4723
3732
3282
5518
8310
2728
269
3753
7817
7263
5358
7133
4716
4119
6097
7738
3098
7460
1056
1496
5590
5545
7303
4683
2383
6727
1937
5023
4611
4574
5687
5335
7315
6926
2639
8039
4832
5595
1196
4380
3645
536
6948
2302
6464
4645
2213
6477
7097
3471
3808
7233
3434
5923
5974
5692
6280
2008
7242
8050
6209
4629
3478
3733
459
3816
2597
1378
8013
1555
3840
7190
4352
182
7451
5873
1058
228
5116
1595
506
5882
4149
3799
2190
7887
8220
8240
4367
7665
856
4582
5971
8093
6811
3830
3256
7737
3668
656
2483
7404
1899
3306
7201
6261
2288
3257
4374
6506
5394
3147
4969
7914
4284
4344
7445
3626
3640
8004
1590
4610
7762
6455
6121
1541
2347
3898
357
531
2709
7917
6147
1693
3941
4539
7442
6169
2712
2315
4590
6993
4777
7647
3475
6512
5234
8078
2492
1408
5436
3927
8059
2835
1849
7465
5225
5760
5102
8031
7004
1813
6142
556
2012
7977
6899
7144
8157
4520
4835
2141
7576
3878
7845
4570
654
2598
3745
6724
7160
7304
3688
2409
3375
7057
870
6997
2364
5446
1548
1799
7534
5487
1504
1154
4922
5458
5434
6953
230
4088
6170
3610
6156
5896
4491
4717
5862
1614
2734
641
2781
434
1138
7910
2640
1384
4415
5380
5560
3260
8156
7136
6224
6179
4651
4365
5803
6875
4256
3564
6032
7123
7986
3931
1047
1567
7839
8300
7114
4280
7903
3641
7340
6101
5515
3167
7995
3655
3177
6108
1227
1331
5551
1704
7309
6362
8155
8165
6987
421
3140
7406
4712
7896
2464
5870
2739
4670
4668
6578
8222
6855
5762
6516
8247
2806
1520
5792
1152
172
3553
6301
7756
1656
4259
5500
267
7354
2788
3267
488
1964
7622
4395
7918
4233
5464
5141
2851
4598
3200
231
2205
4355
1332
6831
5298
4695
3865
3942
4691
507
5330
7188
7456
3094
2517
4923
8147
3031
2664
5810
7145
1270
5456
503
1162
102
2407
7350
6415
6027
5310
7654
6783
8234
5510
4330
167
3054
6510
7267
7054
3229
1561
4370
6363
4470
4362
7964
3508
1568
3317
5235
464
2778
1406
2837
6158
7580
677
6867
5367
940
2525
7649
5489
3755
3782
7067
3599
494
7167
6803
8099
2909
2643
6871
7591
493
752
7971
7617
6347
4698
6989
1180
8264
4762
2522
7218
2197
5734
4500
3000
7812
655
5089
443
1621
550
3436
4346
2436
5689
4446
715
3990
321
8092
4708
7214
3132
3438
1150
8030
2366
2611
7213
3817
4639
1037
5277
2667
3050
5170
7667
512
1370
5001
6047
8245
7976
3033
6251
4255
629
4383
432
6988
5960
820
1053
7743
5541
5389
2477
3890
8028
3724
7264
5561
5864
7827
6818
6553
7868
6293
6200
3611
6845
2379
489
7149
5087
2576
5423
616
6164
5832
7779
6356
3805
5880
5579
1611
8162
4911
1897
1547
4120
1599
6274
1485
2741
89
1352
4750
17
5492
6780
4593
4517
731
3674
3468
3696
227
6729
5151
149
7146
5598
7113
1972
4391
7090
6787
2919
6909
7874
6233
8204
1973
7961
5361
1390
7489
3987
6354
7557
1643
833
4624
4532
6237
3520
6570
6956
7623
1259
412
4506
8206
4925
5453
6388
760
4074
7234
8169
6410
349
5705
7261
1375
5659
3915
4597
6827
7066
6660
6580
5227
6555
5397
5884
6802
2956
2839
6364
2926
7504
7017
6530
3723
7098
5600
540
7969
1778
3421
947
8159
767
6806
6485
7366
4011
6198
1039
6048
4687
5321
1592
4584
3905
7963
7785
5817
6475
5888
4935
3719
8268
7704
802
645
3872
5232
2826
7089
8235
2540
8152
5656
7005
4462
4123
7719
5210
7842
1503
5662
545
6194
6238
7805
7883
4613
8291
2304
4568
1481
7680
872
8164
4525
7841
4825
6361
646
2621
8074
6502
3368
3090
5539
4844
2945
8195
4183
7930
3943
4739
1362
6722
5382
8298
3364
8266
6563
2863
4879
4642
5337
1774
7774
1501
5995
4508
4285
7787
1255
2862
6663
7594
2942
5700
6746
7041
2389
7722
6144
8095
6531
7503
5877
7560
4627
1803
4402
6769
133
6994
3198
8117
5649
4461
7171
7758
2619
671
3946
3852
6742
6908
5520
5879
4321
901
6311
8065
4306
5722
7807
3255
6743
1484
3340
2898
3474
6080
6893
5374
3028
433
410
6656
7277
7198
7153
2946
7222
4437
3628
1948
5601
8170
5497
4587
2928
6741
4724
3295
2908
6557
2937
1711
4455
5427
2321
3657
5233
5319
2469
1185
190
2051
2873
7941
3298
198
6239
554
7085
6277
5854
7111
3829
1365
2558
1042
1128
5488
3519
2336
590
5574
5684
6071
5357
5617
2963
346
4679
6414
5332
718
2733
1105
5768
2984
8076
991
7820
7488
601
2951
4581
5480
5299
4124
3261
8236
3747
7349
5976
6449
2782
4858
3490
5670
4515
4434
2944
7518
5323
5409
5984
3509
6252
5565
859
7957
222
3577
1915
7865
7562
5809
6339
5505
4421
7327
7721
6929
8252
5991
2793
4710
469
6221
2218
622
7289
2689
4564
6532
6299
3897
607
7905
6384
6385
3802
7700
319
7856
5876
8154
5855
5581
1355
2927
7227
5646
2808
8049
4632
2747
7278
6747
4268
7575
2635
4637
2965
6772
1907
3041
5699
2412
2399
798
6382
5763
4094
6049
1647
1830
4977
6849
611
2395
5493
5720
5587
1174
6851
2634
6309
5325
8069
7138
5339
5732
411
3225
5653
4594
1369
1277
6708
6136
4382
2546
6222
3848
5402
3322
4015
6718
416
3100
7150
2358
6788
5117
4384
2620
3989
2653
598
6575
2303
7824
6503
6709
2140
7212
7672
4121
7709
6312
864
5592
6796
4542
7185
52
2206
5017
1701
33
7983
7823
8158
6119
5869
3307
5785
3217
685
6617
4489
3149
4671
5484
7564
1962
4231
1429
7363
5391
6372
8124
1874
3297
3754
679
524
3244
7579
3960
3458
6752
3367
3152
7848
3685
3909
5486
4435
591
1054
6581
27
7305
7732
229
8142
6148
5559
2411
2646
7467
436
8260
2931
6168
5961
8070
5814
5681
4339
6429
7563
997
7400
4433
6680
4605
4294
5473
5106
7710
4667
6996
4463
5637
3289
4432
5863
6945
7571
7747
3389
7886
5688
1048
7463
3120
7173
7189
5820
3076
8144
84
6511
7471
2593
6816
7944
7440
525
4571
7287
1465
774
4839
3072
3218
7940
5376
1336
3636
4699
8185
8160
7558
5359
3758
407
5452
3650
7104
7813
8097
4726
7554
1784
7058
7166
4360
732
1795
2913
3523
1965
6825
6981
2183
266
7444
3157
354
5678
438
7713
5733
5890
5661
8086
5593
6129
5966
6423
6338
5478
4438
7108
1456
7990
1636
4400
2567
2877
935
7979
8052
7915
1492
284
5977
683
5866
2914
2915
3614
6323
6244
7527
3268
6421
4429
3210
342
4607
643
6684
7473
1480
6942
8304
5824
8178
3854
6470
1339
3649
5668
4359
7943
2202
7117
1653
7140
5231
4537
4452
8258
2836
4460
1510
2853
878
4656
6935
6038
4315
4147
4900
5826
5885
2337
1842
7048
1301
5395
300
4079
5514
6375
2402
4595
658
3544
6140
5501
6499
7125
4676
6483
4511
5883
3263
5538
4644
5607
5889
8048
4466
430
7555
5779
6991
8088
7604
8186
4619
4586
3135
5996
6381
874
6390
7492
3994
5459
5967
5350
7566
7127
7648
1560
2195
8163
7978
2783
1615
7120
1374
7001
358
6208
1509
688
7070
4535
5618
7469
4709
6305
1605
4139
7952
4089
5199
4696
1184
6762
2917
1961
7154
7470
7199
5686
7338
5634
3321
7792
1951
5572
597
6031
6738
3648
1323
6894
5683
6895
5941
1570
4487
7092
5712
3227
8183
5433
5494
3860
6951
5408
4561
4843
5502
8270
5270
7650
7307
5853
3309
3895
2507
873
8299
5184
7777
6486
7933
5553
5403
4125
3277
6139
5442
4528
5839
5508
5344
4953
714
3894
6666
3233
2840
543
7069
7946
6937
6432
4682
4366
7102
7182
7220
7074
6691
7494
979
4095
6910
6686
4439
6463
4154
6829
4869
5365
3618
7205
2200
6688
6554
6137
7184
1466
7240
6386
7655
5498
1617
7598
413
4377
2295
3622
5682
527
320
8025
1505
3947
4836
933
5483
1275
3956
4902
4287
4577
3382
5802
4289
7889
7331
4371
4351
8077
2348
2982
3877
1385
6508
5090
3055
4464
4277
4373
2994
2552
6573
6348
7286
4039
7328
3624
7863
6370
7556
6703
6757
4968
5566
7924
6657
3868
1268
1698
3620
6126
3826
6685
6196
4591
3921
745
4509
3051
7073
6493
6715
6125
3708
7036
6941
2298
5370
1534
3073
3160
6431
1354
3059
6704
7068
7468
7855
3759
4643
4828
617
1935
7939
5752
6167
3172
2910
4322
6817
1459
6982
3063
3056
6118
5707
7161
2911
6430
2679
5122
5812
7955
4846
3440
6808
6889
3619
2335
2995
5685
7989
5695
6820
3179
8061
4659
608
3143
5126
7072
6426
4575
7980
4898
3542
7302
4647
4705
642
7791
1420
356
8006
4885
6678
4737
1002
8042
2628
6443
8265
4363
4653
1758
5993
7651
4776
4884
8254
7076
660
7081
1649
5860
1574
6228
2156
7507
6201
5830
4673
4342
5836
4249
4840
7466
6214
7135
7075
1280
7164
3329
4161
1792
1888
3691
5443
5114
7515
7911
7131
5663
4345
8043
7771
8246
3801
7895
903
3148
6099
7351
5665
7408
1114
4563
6569
4906
8231
1971
3528
8173
7890
7091
5886
2362
6896
7726
5485
6131
7245
4112
2142
5771
8238
6561
5138
3158
8003
682
5828
6295
5679
2214
7996
3538
4129
5605
10
4715
4522
6028
2408
7137
5657
5388
7472
5326
7653
2905
5591
5840
7464
8305
3131
2632
3159
4372
5797
5798
4430
7707
4401
7087
8308
7725
6881
1519
8303
7597
7677
7529
756
889
7347
4459
4103
885
8302
1572
6558
6652
3532
6450
1450
3296
8256
8153
6778
5153
6003
5606
7335
7411
4113
5396
6151
1966
7603
5133
7367
5711
7702
4530
7513
5475
3453
4887
7179
5322
3510
5677
5470
1158
3136
423
891
7172
6525
7269
2504
2279
3049
6294
6026
861
4891
5724
4569
6649
1273
5476
2287
5611
5868
3044
6130
1604
7882
8111
8118
6676
7892
628
1970
4083
7175
3066
6331
3959
2203
5821
2949
4888
3176
6911
5813
7997
2738
6519
4488
39
7346
7217
8001
7718
7509
6211
6713
6442
5435
5619
4573
6667
5690
5654
3828
5706
5372
6775
4265
1276
4526
1657
5837
2638
612
6267
7476
7686
4454
8269
7734
1051
4755
5460
5586
6698
5142
5399
7712
8058
6562
4453
5366
8040
3704
5568
3239
2987
8279
7083
7796
5363
6946
6925
3751
4418
5603
4702
3232
5666
439
5675
8232
7602
6433
3835
2929
2542
8010
2404
6968
7078
8179
2936
6145
6943
6665
6289
7879
5645
6369
6509
5643
5401
7282
881
7246
3735
4711
5893
4431
2996
3096
668
7860
3671
1521
6340
5819
6664
497
7884
6465
1454
2885
1278
5448
8229
3236
6315
6346
6258
5369
5347
4230
4271
1637
4714
1573
6327
4654
8230
6651
664
4901
6343
8034
1344
2935
2947
961
4565
3821
3957
6273
1427
3925
5827
8284
5829
7912
6919
8046
7279
193
1871
7063
6335
635
4677
2149
5104
7728
5726
4697
6133
2382
8051
7002
4690
4375
6255
5727
684
6938
741
6572
4424
7670
7685
5902
2631
8306
3117
7399
8054
1618
3706
1404
8036
1575
7432
3435
5239
3456
3057
7697
4780
7459
5640
7733
7158
6030
6671
4782
6321
7433
6467
4763
7864
3986
3222
4837
1166
2623
1662
5406
5097
425
7586
5512
4543
4852
5450
7168
6920
4422
7552
7693
7565
5710
2841
8100
3875
7251
6918
3443
4451
5331
6190
7658
6721
5145
7170
8273
7283
5536
7537
7583
8081
5422
7103
1191
4266
868
3536
6304
5471
6697
6444
2846
4854
5355
5327
3677
1330
5444
5556
7530
6202
8007
1917
7954
6566
5147
4821
2391
5238
7745
2372
2636
7095
6813
4657
7715
3223
2799
5969
3884
6452
7706
8141
6482
5449
5504
4572
8271
7793
5507
7967
779
6866
6583
7441
4707
7584
8082
2184
3518
8180
3537
4666
8176
3302
3300
3441
4576
2307
5708
3154
7453
6473
8237
1426
4450
4096
1462
4311
4091
3026
7169
5523
7228
7714
6150
4578
4567
8060
6648
2641
7416
8307
4824
4343
3156
4292
5968
4404
4159
3053
2301
7926
3742
4813
2684
7353
4403
4842
3150
7888
6576
8272
2907
7035
1442
1189
4243
8067
4820
3951
6564
3101
4806
5597
6459
3675
6020
2497
631
6690
3316
5858
1267
6199
6574
5373
4407
8047
4827
3065
3062
8029
4765
2980
7262
8146
8226
7288
5599
5375
8242
4244
5635
4328
204
7716
5132
4693
626
4868
5942
4081
7093
1401
4523
3242
4458
2201
5808
5146
5135
4678
6730
3903
6476
1455
6990
5730
6579
1057
7705
7419
5965
6135
7239
6739
954
1271
5639
5851
7181
5368
624
2175
3929
5816
1274
5466
3068
6166
3070
2952
8243
3955
5526
4301
6770
7968
4560
500
4325
7357
6213
7306
7593
7934
4241
3168
5407
3327
7174
4326
5898
7365
3240
4302
495
7897
1458
7431
7679
6395
5833
2154
5441
1439
5091
4267
3342
1282
6195
8032
3516
5741
3629
5835
4773
7275
1183
4109
4798
7546
5629
4298
4701
3153
6471
6653
6474
6157
3151
3444
3530
3138
1050
4324
7708
3173
5728
6567
3061
7703
8119
6565
7951
3067
4107
5962
7689
7975
5881
8233
7531
1616
8244
4291
7415
4703
7336
2459
7595
6577
5610
632
7084
5465
625
8262
8116
7407
4049
6526
2939
4604
3928
6725
2938
6215
1571
3539
5725
1609
5440
2940
6654
2334
2146
3949
6774
6999
6650
6781
8150
5848
2143
6132
3249
5468
4529
